Sample_Name	plate	SMARTindex	MabID	Chain	ASVcount	PctSupport	TotalReads	Sequencing	ASV	DuplicatedIn	chain_type	e-value	score	seqstart_index	seqend_index	scheme	frame	AA	numbering	domain
Psanger_128612	Psanger	None	D3/71R	HC	1	100	1	Sanger	ATGAAGCTGCCTGTTCTGCTAGTGGTGCTGCTATTGTTCACGAGTCCAGCCTCAAGCAGTCATATCCAGTTGGTGCAGTCTGGACCTGAGCTGAAGAAGCCTGGAGAGACAGTCAAGATCTCCTGCAAGGCTTCTGGGTATACCTTCACAAACTATGGAATGAACTGGGTGAAGCAGGCTCCAGGAAAGGGTTTGAAGTGGAAGGGCTGGATAAACACGAATACTGGAGAGCCAACATATGCTGAAGAGGTCAAGGGACGGTTTGCCTATTCTGTGGAAACCTCTGCCAGCACTGCCTATTTGCAGATCAACAACCTCAAAAATGAGGACACGGCTACATATTTCTGTGCAATTATCTACTATGGGAATTACGGTTACTGGGGCCAAGGCACCACTCTCACAGTCTCCTCGGCGCGCCCAACA		H	8.1e-50	159.1	20	136	imgt	0	MKLPVLLVVLLLFTSPASSS`HIQLVQSGPELKKPGETVKISCKASGYTFTNYGMNWVKQAPGKGLKWKGWINTNTGEPTYAEEVKGRFAYSVETSASTAYLQINNLKNEDTATYFCAIIYYGNYGYWGQGTTLTVS`SARPT	1,2,3,4,5,6,7,8,9,10,11,12,13,14,15,16,17,18,19,20,21,22,23,24,25,26,27,28,29,30,31,32,33,34,35,36,37,38,39,40,41,42,43,44,45,46,47,48,49,50,51,52,53,54,55,56,57,58,59,60,61,62,63,64,65,66,67,68,69,70,71,72,73,74,75,76,77,78,79,80,81,82,83,84,85,86,87,88,89,90,91,92,93,94,95,96,97,98,99,100,101,102,103,104,105,106,107,108,109,110,111,112,113,114,115,116,117,118,119,120,121,122,123,124,125,126,127,128	H,I,Q,L,V,Q,S,G,P,-,E,L,K,K,P,G,E,T,V,K,I,S,C,K,A,S,G,Y,T,F,-,-,-,-,T,N,Y,G,M,N,W,V,K,Q,A,P,G,K,G,L,K,W,K,G,W,I,N,T,N,-,-,T,G,E,P,T,Y,A,E,E,V,K,-,G,R,F,A,Y,S,V,E,T,S,A,S,T,A,Y,L,Q,I,N,N,L,K,N,E,D,T,A,T,Y,F,C,A,I,I,Y,Y,-,-,-,G,N,Y,G,Y,W,G,Q,G,T,T,L,T,V,S,S
Psanger_128613	Psanger	None	K13/31R	HC	1	100	1	Sanger	ATGAAGCTGCCTGTTCTGCTAGTGGTGCTGCTATTGTTCACGAGTCCAGCCTCAAGCAGTCAGGTTACTCTGAAAGTGTCTGGAGCTGAACTGGTAAAGCCTGGGGCTTCAGTGAAGTTGTCCTGCAAGGCTTCTGGCTACATATTCACAAGCTTTGATATAAACTGGGTGAGGCAGAGGCCTGAACAGGGACTTGAGTGGATTGGATGGATTTTTCCTGGAGATGGCAGTACTGAATACAATGAGAAGTTCAAGGGCAAGGCCACTCTGACTATAGACAAATCCTCCACCACAGCCTACATGCACCTCACCAGGCTGACATCTGAGGACTCTGCTGTCTATTTCTGTGCAAGTCCATTTATTTCCACGGTTGCCTTTGACTACTGGGGCCAAGGCACCACTCTCACAGTCTCCTCGGCGCGCCCAACA		H	3.6e-54	173.2	20	138	imgt	0	MKLPVLLVVLLLFTSPASSS`QVTLKVSGAELVKPGASVKLSCKASGYIFTSFDINWVRQRPEQGLEWIGWIFPGDGSTEYNEKFKGKATLTIDKSSTTAYMHLTRLTSEDSAVYFCASPFISTVAFDYWGQGTTLTVS`SARPT	1,2,3,4,5,6,7,8,9,10,11,12,13,14,15,16,17,18,19,20,21,22,23,24,25,26,27,28,29,30,31,32,33,34,35,36,37,38,39,40,41,42,43,44,45,46,47,48,49,50,51,52,53,54,55,56,57,58,59,60,61,62,63,64,65,66,67,68,69,70,71,72,73,74,75,76,77,78,79,80,81,82,83,84,85,86,87,88,89,90,91,92,93,94,95,96,97,98,99,100,101,102,103,104,105,106,107,108,109,110,111,112,113,114,115,116,117,118,119,120,121,122,123,124,125,126,127,128	Q,V,T,L,K,V,S,G,A,-,E,L,V,K,P,G,A,S,V,K,L,S,C,K,A,S,G,Y,I,F,-,-,-,-,T,S,F,D,I,N,W,V,R,Q,R,P,E,Q,G,L,E,W,I,G,W,I,F,P,G,-,-,D,G,S,T,E,Y,N,E,K,F,K,-,G,K,A,T,L,T,I,D,K,S,S,T,T,A,Y,M,H,L,T,R,L,T,S,E,D,S,A,V,Y,F,C,A,S,P,F,I,S,-,T,V,A,F,D,Y,W,G,Q,G,T,T,L,T,V,S,S
Psanger_128614	Psanger	None	K14/16R	HC	1	100	1	Sanger	ATGAAGCTGCCTGTTCTGCTAGTGGTGCTGCTATTGTTCACGAGTCCAGCCTCAAGCAGTGAGGTGAAGCTGATGGAATCTGGGGGAGGCTTAGTGAAGCCTGGAGGGTCCCTGAAACTCTCCTGTGCAGCCTCTGGATTCACTTTCAGTGATTATGCCATGTCTTGGGTTCGCCAGACTCCGGAGAAGAGGCTGGAGTGGGTCGCAACCATTAGTGGTGGTGGTACTTACACCTACTATCCAGACAGTGTGAAGGGTCGATTCACCATCTCCAGAGACAATGCCAAGAACACCCTGTACCTGCAAATGAGCAGTCTGAGGTCTGAGGACACGGCCATGTATTACTGTGTAAGACGTGGGGACTACTGGGGCCAAGGCACCACTCTCACAGTCTCCTCGGCGCGCCCAACA		H	2.3e-57	183.8	20	132	imgt	0	MKLPVLLVVLLLFTSPASSS`EVKLMESGGGLVKPGGSLKLSCAASGFTFSDYAMSWVRQTPEKRLEWVATISGGGTYTYYPDSVKGRFTISRDNAKNTLYLQMSSLRSEDTAMYYCVRRGDYWGQGTTLTVS`SARPT	1,2,3,4,5,6,7,8,9,10,11,12,13,14,15,16,17,18,19,20,21,22,23,24,25,26,27,28,29,30,31,32,33,34,35,36,37,38,39,40,41,42,43,44,45,46,47,48,49,50,51,52,53,54,55,56,57,58,59,60,61,62,63,64,65,66,67,68,69,70,71,72,73,74,75,76,77,78,79,80,81,82,83,84,85,86,87,88,89,90,91,92,93,94,95,96,97,98,99,100,101,102,103,104,105,106,107,108,109,110,111,112,113,114,115,116,117,118,119,120,121,122,123,124,125,126,127,128	E,V,K,L,M,E,S,G,G,-,G,L,V,K,P,G,G,S,L,K,L,S,C,A,A,S,G,F,T,F,-,-,-,-,S,D,Y,A,M,S,W,V,R,Q,T,P,E,K,R,L,E,W,V,A,T,I,S,G,G,-,-,G,T,Y,T,Y,Y,P,D,S,V,K,-,G,R,F,T,I,S,R,D,N,A,K,N,T,L,Y,L,Q,M,S,S,L,R,S,E,D,T,A,M,Y,Y,C,V,R,R,-,-,-,-,-,-,-,G,D,Y,W,G,Q,G,T,T,L,T,V,S,S
Psanger_128615	Psanger	None	K17/70R	HC	1	100	1	Sanger	ATGAAGCTGCCTGTTCTGCTAGTGGTGCTGCTATTGTTCACGAGTCCAGCCTCAAGCAGTCAGATCCAGTTGGTGCAGTCTGGACCTGAGCTGAAGAAGCCTGGAGAGACAGTCAAGATCTCCTGCAAGGCTTCTGGTTATATCCTCACAGACTATTCGATGCACTGGGTGAAGCAGGCTCCAGGAAAGGGTTTAAAGTGGATGGGCTGGATAAACACTGAGACTGGCGAGCCAACATATGCAGATGACTTCAAGGGACGGTTTGCCTTCTCTTTGGAAACCTCTGCCAGCACTGCCTATTTGGAGATCAACAACCTCAAAAAAGAGGACGCGGCTACATATTTCTGTGCTAGAAATTACCCCTATACTGTAGACTACTGGGGTCAAGGAACCTCAGTCACCGTCTCCTCGGCGCGCCCAACA		H	5.7e-52	166.0	20	136	imgt	0	MKLPVLLVVLLLFTSPASSS`QIQLVQSGPELKKPGETVKISCKASGYILTDYSMHWVKQAPGKGLKWMGWINTETGEPTYADDFKGRFAFSLETSASTAYLEINNLKKEDAATYFCARNYPYTVDYWGQGTSVTVS`SARPT	1,2,3,4,5,6,7,8,9,10,11,12,13,14,15,16,17,18,19,20,21,22,23,24,25,26,27,28,29,30,31,32,33,34,35,36,37,38,39,40,41,42,43,44,45,46,47,48,49,50,51,52,53,54,55,56,57,58,59,60,61,62,63,64,65,66,67,68,69,70,71,72,73,74,75,76,77,78,79,80,81,82,83,84,85,86,87,88,89,90,91,92,93,94,95,96,97,98,99,100,101,102,103,104,105,106,107,108,109,110,111,112,113,114,115,116,117,118,119,120,121,122,123,124,125,126,127,128	Q,I,Q,L,V,Q,S,G,P,-,E,L,K,K,P,G,E,T,V,K,I,S,C,K,A,S,G,Y,I,L,-,-,-,-,T,D,Y,S,M,H,W,V,K,Q,A,P,G,K,G,L,K,W,M,G,W,I,N,T,E,-,-,T,G,E,P,T,Y,A,D,D,F,K,-,G,R,F,A,F,S,L,E,T,S,A,S,T,A,Y,L,E,I,N,N,L,K,K,E,D,A,A,T,Y,F,C,A,R,N,Y,P,-,-,-,Y,T,V,D,Y,W,G,Q,G,T,S,V,T,V,S,S
Psanger_128616	Psanger	None	K20/78R	HC	1	100	1	Sanger	ATGAAGCTGCCTGTTCTGCTAGTGGTGCTGCTATTGTTCACGAGTCCAGCCTCAAGCAGTCAGATCCAGTTGGTGCAGTCTGGGGCTGAACTGATGAAGCCTGGGGCTTCAGTGAAGCTGTCCTGCAAGGCTTCTGCCTACACCTTCACCAACTACTGGATGCACTGGGTGAAGCAGAGGCCTGGACAAGGCCTTGAGTGGATTGGAGAGATTTATCCTAACAACGGTCGTACTAACTACAATGAGAAGTTCAAGAACAAGGCCACACTGACTGTAGACAAATCCTCCAGCACAGCCTACATGCAACTCAGCAGCCTGACATCTGAGGACTCTGCGGTCTATTACTGTGCAAGAACTGGGGCGAGGGAGTGGTTTGCTTACTGGGGCCAAGGCACCACTCTCACAGTCTCCTCGGCGCGCCCAACA		H	6.6e-60	191.7	20	137	imgt	0	MKLPVLLVVLLLFTSPASSS`QIQLVQSGAELMKPGASVKLSCKASAYTFTNYWMHWVKQRPGQGLEWIGEIYPNNGRTNYNEKFKNKATLTVDKSSSTAYMQLSSLTSEDSAVYYCARTGAREWFAYWGQGTTLTVS`SARPT	1,2,3,4,5,6,7,8,9,10,11,12,13,14,15,16,17,18,19,20,21,22,23,24,25,26,27,28,29,30,31,32,33,34,35,36,37,38,39,40,41,42,43,44,45,46,47,48,49,50,51,52,53,54,55,56,57,58,59,60,61,62,63,64,65,66,67,68,69,70,71,72,73,74,75,76,77,78,79,80,81,82,83,84,85,86,87,88,89,90,91,92,93,94,95,96,97,98,99,100,101,102,103,104,105,106,107,108,109,110,111,112,113,114,115,116,117,118,119,120,121,122,123,124,125,126,127,128	Q,I,Q,L,V,Q,S,G,A,-,E,L,M,K,P,G,A,S,V,K,L,S,C,K,A,S,A,Y,T,F,-,-,-,-,T,N,Y,W,M,H,W,V,K,Q,R,P,G,Q,G,L,E,W,I,G,E,I,Y,P,N,-,-,N,G,R,T,N,Y,N,E,K,F,K,-,N,K,A,T,L,T,V,D,K,S,S,S,T,A,Y,M,Q,L,S,S,L,T,S,E,D,S,A,V,Y,Y,C,A,R,T,G,A,R,-,-,E,W,F,A,Y,W,G,Q,G,T,T,L,T,V,S,S
Psanger_128617	Psanger	None	K25/73R	HC	1	100	1	Sanger	ATGAAGCTGCCTGTTCTGCTAGTGGTGCTGCTATTGTTCACGAGTCCAGCCTCAAGCAGTGAAGTGAAACTTGAGGAGTCTGGGGCTGAACTTGTGAGGCCAGGGGCCTTAGTCAACTTGTCCTGCAAAGCTTCTGGCTTCAACATTAAAGACTACTATATGCACTGGGTGAAGCAGAGGCCTGAACAGGGCCTGGAGTGGATTGGATGGATTGATCCTGAGAATGGTAATACTATGTATGACCCGAAGATCCAGGGCAAGGCCAGTATAACAACAGACACATCCTCCAACACAGCCTACCTGCAGCTCAGCAGCCTGACATCTGAGGACACTGCCGTCTATTACTGTTCTAGATCGGGTTACTATGCTATGGACTACTGGGGTCAAGGAACCTCAGTCACCGTCTCCTCGGCGCGCCCAACA		H	8.9e-56	178.4	20	136	imgt	0	MKLPVLLVVLLLFTSPASSS`EVKLEESGAELVRPGALVNLSCKASGFNIKDYYMHWVKQRPEQGLEWIGWIDPENGNTMYDPKIQGKASITTDTSSNTAYLQLSSLTSEDTAVYYCSRSGYYAMDYWGQGTSVTVS`SARPT	1,2,3,4,5,6,7,8,9,10,11,12,13,14,15,16,17,18,19,20,21,22,23,24,25,26,27,28,29,30,31,32,33,34,35,36,37,38,39,40,41,42,43,44,45,46,47,48,49,50,51,52,53,54,55,56,57,58,59,60,61,62,63,64,65,66,67,68,69,70,71,72,73,74,75,76,77,78,79,80,81,82,83,84,85,86,87,88,89,90,91,92,93,94,95,96,97,98,99,100,101,102,103,104,105,106,107,108,109,110,111,112,113,114,115,116,117,118,119,120,121,122,123,124,125,126,127,128	E,V,K,L,E,E,S,G,A,-,E,L,V,R,P,G,A,L,V,N,L,S,C,K,A,S,G,F,N,I,-,-,-,-,K,D,Y,Y,M,H,W,V,K,Q,R,P,E,Q,G,L,E,W,I,G,W,I,D,P,E,-,-,N,G,N,T,M,Y,D,P,K,I,Q,-,G,K,A,S,I,T,T,D,T,S,S,N,T,A,Y,L,Q,L,S,S,L,T,S,E,D,T,A,V,Y,Y,C,S,R,S,G,Y,-,-,-,Y,A,M,D,Y,W,G,Q,G,T,S,V,T,V,S,S
Psanger_128618	Psanger	None	K28/43R	HC	1	100	1	Sanger	ATGAAGCTGCCTGTTCTGCTAGTGGTGCTGCTATTGTTCACGAGTCCAGCCTCAAGCAGTGAGGTGCAGCTGGTGGAATCTGGGGGAGACTTAGTGAAGCCTGGAGGGTCCCTGAAACTCTCCTGTGCAGCCTCTGGATTCACTTTCAGTACCTATGGCATGTCTTGGGTTCGCCAGACTCCAGACAAGAGGCTGGAGTGGGTCGCAGCCATTAGTAGTGGTGGTTATTACACCTACTATCCAGACAGTGTGAAGGGGCGATTCACCATCTCCAGAGACGATGCCAAGAACACCCTGTACCTGCAAATGAGCAGTCTGAAGTCTGAGGACACAGCCATGTATTACTGTGCAAGAAGGGATTACGACGACGGTTATACTATGGATTACTGGGGTCAAGGAACCTCAGTCACCGTCTCCTCGGCGCGCCCAACA		H	4.1e-61	195.9	20	139	imgt	0	MKLPVLLVVLLLFTSPASSS`EVQLVESGGDLVKPGGSLKLSCAASGFTFSTYGMSWVRQTPDKRLEWVAAISSGGYYTYYPDSVKGRFTISRDDAKNTLYLQMSSLKSEDTAMYYCARRDYDDGYTMDYWGQGTSVTVS`SARPT	1,2,3,4,5,6,7,8,9,10,11,12,13,14,15,16,17,18,19,20,21,22,23,24,25,26,27,28,29,30,31,32,33,34,35,36,37,38,39,40,41,42,43,44,45,46,47,48,49,50,51,52,53,54,55,56,57,58,59,60,61,62,63,64,65,66,67,68,69,70,71,72,73,74,75,76,77,78,79,80,81,82,83,84,85,86,87,88,89,90,91,92,93,94,95,96,97,98,99,100,101,102,103,104,105,106,107,108,109,110,111,112,113,114,115,116,117,118,119,120,121,122,123,124,125,126,127,128	E,V,Q,L,V,E,S,G,G,-,D,L,V,K,P,G,G,S,L,K,L,S,C,A,A,S,G,F,T,F,-,-,-,-,S,T,Y,G,M,S,W,V,R,Q,T,P,D,K,R,L,E,W,V,A,A,I,S,S,G,-,-,G,Y,Y,T,Y,Y,P,D,S,V,K,-,G,R,F,T,I,S,R,D,D,A,K,N,T,L,Y,L,Q,M,S,S,L,K,S,E,D,T,A,M,Y,Y,C,A,R,R,D,Y,D,D,G,Y,T,M,D,Y,W,G,Q,G,T,S,V,T,V,S,S
Psanger_128619	Psanger	None	K36/15R	HC	1	100	1	Sanger	ATGAAGCTGCCTGTTCTGCTAGTGGTGCTGCTATTGTTCACGAGTCCAGCCTCAAGCAGTCAGGTGCAGATGAAGGAGTCTGGGGCTGAGCTGGTGAGGCCTGGGACTTCAGTGACGCTGTCCTGCAAGGCATCGGGCTACACATTTACTGACTTTGAAATGACCTGGGTGAAACAGACACCTGTTCATGGCCTGGAATGGATTGGACCTATTGATCCTAAAACTGGTCGTACTGTCTATAATCAGAAATTCAAGGACAAGGCCTCACTGACTGCAGACAAATCTTCCAACACAGCCTACATGGAGCTCCGCAGCCTGACATCTGAGGACTCTGCCGTCTATTATTGTACAAGAGGGGGATATTACGATGTCTGGGGCGCAGGGACCACGGTCACCGTCTCCTCGGCGCGCCCAACA		H	1.1e-53	171.5	20	134	imgt	0	MKLPVLLVVLLLFTSPASSS`QVQMKESGAELVRPGTSVTLSCKASGYTFTDFEMTWVKQTPVHGLEWIGPIDPKTGRTVYNQKFKDKASLTADKSSNTAYMELRSLTSEDSAVYYCTRGGYYDVWGAGTTVTVS`SARPT	1,2,3,4,5,6,7,8,9,10,11,12,13,14,15,16,17,18,19,20,21,22,23,24,25,26,27,28,29,30,31,32,33,34,35,36,37,38,39,40,41,42,43,44,45,46,47,48,49,50,51,52,53,54,55,56,57,58,59,60,61,62,63,64,65,66,67,68,69,70,71,72,73,74,75,76,77,78,79,80,81,82,83,84,85,86,87,88,89,90,91,92,93,94,95,96,97,98,99,100,101,102,103,104,105,106,107,108,109,110,111,112,113,114,115,116,117,118,119,120,121,122,123,124,125,126,127,128	Q,V,Q,M,K,E,S,G,A,-,E,L,V,R,P,G,T,S,V,T,L,S,C,K,A,S,G,Y,T,F,-,-,-,-,T,D,F,E,M,T,W,V,K,Q,T,P,V,H,G,L,E,W,I,G,P,I,D,P,K,-,-,T,G,R,T,V,Y,N,Q,K,F,K,-,D,K,A,S,L,T,A,D,K,S,S,N,T,A,Y,M,E,L,R,S,L,T,S,E,D,S,A,V,Y,Y,C,T,R,G,G,-,-,-,-,-,Y,Y,D,V,W,G,A,G,T,T,V,T,V,S,S
Psanger_128620	Psanger	None	K39/25R	HC	1	100	1	Sanger	ATGAAGCTGCCTGTTCTGCTAGTGGTGCTGCTATTGTTCACGAGTCCAGCCTCAAGCAGTGAGGTGCAGCTGGTGGAATCTGGGGGAGGCTTAGTGAAGCCTGGAGGGTCCCTGAAACTCTCCTGTGCAGCCTCTGGATTCGCTTTCAGTAGCTATGACATGTCTTGGGTTCGCCGGACTCCGGAGAAGAGGCTGGAGTGGGTCGCGAGTATTAGTTCTAGTGGTACTTATATGTACTATCCAGACAGTGTGAAGGGCCGATTCACCATCTCCAGAGACAATGCCAGGAACACGCTGTATCTGCAAATGAGTAGTCTGAGGTCTGAGGACACGGCCTTGTATTATTGTGTAAGACGGAAAACGGCTACAGGGTACTTCGATGTCTGGGGCGCAGGCACCACTCTCACAGTCTCCTCGGCGCGCCCAACA		H	1.4e-56	181.2	20	138	imgt	0	MKLPVLLVVLLLFTSPASSS`EVQLVESGGGLVKPGGSLKLSCAASGFAFSSYDMSWVRRTPEKRLEWVASISSSGTYMYYPDSVKGRFTISRDNARNTLYLQMSSLRSEDTALYYCVRRKTATGYFDVWGAGTTLTVS`SARPT	1,2,3,4,5,6,7,8,9,10,11,12,13,14,15,16,17,18,19,20,21,22,23,24,25,26,27,28,29,30,31,32,33,34,35,36,37,38,39,40,41,42,43,44,45,46,47,48,49,50,51,52,53,54,55,56,57,58,59,60,61,62,63,64,65,66,67,68,69,70,71,72,73,74,75,76,77,78,79,80,81,82,83,84,85,86,87,88,89,90,91,92,93,94,95,96,97,98,99,100,101,102,103,104,105,106,107,108,109,110,111,112,113,114,115,116,117,118,119,120,121,122,123,124,125,126,127,128	E,V,Q,L,V,E,S,G,G,-,G,L,V,K,P,G,G,S,L,K,L,S,C,A,A,S,G,F,A,F,-,-,-,-,S,S,Y,D,M,S,W,V,R,R,T,P,E,K,R,L,E,W,V,A,S,I,S,S,S,-,-,G,T,Y,M,Y,Y,P,D,S,V,K,-,G,R,F,T,I,S,R,D,N,A,R,N,T,L,Y,L,Q,M,S,S,L,R,S,E,D,T,A,L,Y,Y,C,V,R,R,K,T,A,-,T,G,Y,F,D,V,W,G,A,G,T,T,L,T,V,S,S
Psanger_128621	Psanger	None	K51/1R	HC	1	100	1	Sanger	ATGAAGCTGCCTGTTCTGCTAGTGGTGCTGCTATTGTTCACGAGTCCAGCCTCAAGCAGTCAGGTCCAACTGCAGCAGCCTGGGGCTGAGCTGGTGAGGCCTGGGGCTTCAGTGAAGTTGTCCTGCAAGGCTTCTGGCTACACGTTCACCAACTACTGGATGAATTGGGTTAAGCAGAGGCCTGAGCAAGGCCTTGAGTGGATTGGAAGGATTGATCCTTACGATAGTGCAATTCAGTACAGTCAAAAGTTCAAGGACAAGGCCACATTGACTGTAGACAAATCCTCCAACACAGCCTACATGCAACTCAGCAGCCTGACATCTGAGGACTCTGCGGTCTATTACTGTGCAACCTATGGTGACTTTGACTGCTGGGGCCAAGGCACCACTCTCACAGTCTCCTCGGCGCGCCCAACA		H	1.3e-56	181.1	20	134	imgt	0	MKLPVLLVVLLLFTSPASSS`QVQLQQPGAELVRPGASVKLSCKASGYTFTNYWMNWVKQRPEQGLEWIGRIDPYDSAIQYSQKFKDKATLTVDKSSNTAYMQLSSLTSEDSAVYYCATYGDFDCWGQGTTLTVS`SARPT	1,2,3,4,5,6,7,8,9,10,11,12,13,14,15,16,17,18,19,20,21,22,23,24,25,26,27,28,29,30,31,32,33,34,35,36,37,38,39,40,41,42,43,44,45,46,47,48,49,50,51,52,53,54,55,56,57,58,59,60,61,62,63,64,65,66,67,68,69,70,71,72,73,74,75,76,77,78,79,80,81,82,83,84,85,86,87,88,89,90,91,92,93,94,95,96,97,98,99,100,101,102,103,104,105,106,107,108,109,110,111,112,113,114,115,116,117,118,119,120,121,122,123,124,125,126,127,128	Q,V,Q,L,Q,Q,P,G,A,-,E,L,V,R,P,G,A,S,V,K,L,S,C,K,A,S,G,Y,T,F,-,-,-,-,T,N,Y,W,M,N,W,V,K,Q,R,P,E,Q,G,L,E,W,I,G,R,I,D,P,Y,-,-,D,S,A,I,Q,Y,S,Q,K,F,K,-,D,K,A,T,L,T,V,D,K,S,S,N,T,A,Y,M,Q,L,S,S,L,T,S,E,D,S,A,V,Y,Y,C,A,T,Y,G,-,-,-,-,-,D,F,D,C,W,G,Q,G,T,T,L,T,V,S,S
Psanger_128622	Psanger	None	K57/1R	HC	1	100	1	Sanger	ATGAAGCTGCCTGTTCTGCTAGTGGTGCTGCTATTGTTCACGAGTCCAGCCTCAAGCAGTGAGGTGCAGCTTAAGGAGTCTGGCCCTGGGATATTGCAGCCCTCCCAGACCCTCAGTCTGACTTGTTCTTTCTCTGGGTTTTCACTGAGTACTTCTGGTGTGTGTGTAGGCTGGATTCGTCAGCCATCAGGGAAGGGTCTGGAGTGGCTGGCACACATTTGGTGGGATGATGTCCAGCGCTATAACCCAGCCCTGAAGAGCCGACTGACTATCTCCAAGGATACCTCCAATAGGCAGGTATTCCTCAAGATCGCCAGTGTGGACACTGCAGATACTGCCACATACTACTGTGTTCGAATAGACTACGGCTACACGTTTGCTTACTGGGGCCAAGGGACTCTGGTCACTGTCTCTGCGGCGCGCCCAACA		H	2.3e-48	154.6	20	138	imgt	0	MKLPVLLVVLLLFTSPASSS`EVQLKESGPGILQPSQTLSLTCSFSGFSLSTSGVCVGWIRQPSGKGLEWLAHIWWDDVQRYNPALKSRLTISKDTSNRQVFLKIASVDTADTATYYCVRIDYGYTFAYWGQGTLVTVS`AARPT	1,2,3,4,5,6,7,8,9,10,11,12,13,14,15,16,17,18,19,20,21,22,23,24,25,26,27,28,29,30,31,32,33,34,35,36,37,38,39,40,41,42,43,44,45,46,47,48,49,50,51,52,53,54,55,56,57,58,59,60,61,62,63,64,65,66,67,68,69,70,71,72,73,74,75,76,77,78,79,80,81,82,83,84,85,86,87,88,89,90,91,92,93,94,95,96,97,98,99,100,101,102,103,104,105,106,107,108,109,110,111,112,113,114,115,116,117,118,119,120,121,122,123,124,125,126,127,128	E,V,Q,L,K,E,S,G,P,-,G,I,L,Q,P,S,Q,T,L,S,L,T,C,S,F,S,G,F,S,L,S,-,-,T,S,G,V,C,V,G,W,I,R,Q,P,S,G,K,G,L,E,W,L,A,H,I,W,W,D,-,-,-,D,V,Q,R,Y,N,P,A,L,K,-,S,R,L,T,I,S,K,D,T,S,N,R,Q,V,F,L,K,I,A,S,V,D,T,A,D,T,A,T,Y,Y,C,V,R,I,D,Y,G,-,-,Y,T,F,A,Y,W,G,Q,G,T,L,V,T,V,S,A
Psanger_128623	Psanger	None	K58/35R	HC	1	100	1	Sanger	ATGAAGCTGCCTGTTCTGCTAGTGGTGCTGCTATTGTTCACGAGTCCAGCCTCAAGCAGTCAGGTGCAGCTGAAGCAGTCTGGGGCTGAGCTTGTGAGGCCAGGGGCCTTAGTCAAGTTGTCCTGCACAGCTTCTGGCTTCAACATTAGAGACTACTATATGCACTGGATGAGACAGAGGCCTGAGCAGGGCCTGGAGTGGATTGGATGGATTGATCTTGAGAATGGTAATGCTATATTTGACCCGAAGTTCCAGGACAAGGCCACTATGACACTTGACACATCCTCCATCACAGCCTTCCTGCACCTCAGCAGCCTGACATCTGAGGACACTGCCGTCTATTACTGTGCCGTCCTCTTCTATGGTAACTTCCCCTATGCTATGGACTACTGGGGTCAAGGAACCTCAGTCACCGTCTCCTCGGCGCGCCCAACA		H	2.5e-51	164.0	20	140	imgt	0	MKLPVLLVVLLLFTSPASSS`QVQLKQSGAELVRPGALVKLSCTASGFNIRDYYMHWMRQRPEQGLEWIGWIDLENGNAIFDPKFQDKATMTLDTSSITAFLHLSSLTSEDTAVYYCAVLFYGNFPYAMDYWGQGTSVTVS`SARPT	1,2,3,4,5,6,7,8,9,10,11,12,13,14,15,16,17,18,19,20,21,22,23,24,25,26,27,28,29,30,31,32,33,34,35,36,37,38,39,40,41,42,43,44,45,46,47,48,49,50,51,52,53,54,55,56,57,58,59,60,61,62,63,64,65,66,67,68,69,70,71,72,73,74,75,76,77,78,79,80,81,82,83,84,85,86,87,88,89,90,91,92,93,94,95,96,97,98,99,100,101,102,103,104,105,106,107,108,109,110,111,112,112,113,114,115,116,117,118,119,120,121,122,123,124,125,126,127,128	Q,V,Q,L,K,Q,S,G,A,-,E,L,V,R,P,G,A,L,V,K,L,S,C,T,A,S,G,F,N,I,-,-,-,-,R,D,Y,Y,M,H,W,M,R,Q,R,P,E,Q,G,L,E,W,I,G,W,I,D,L,E,-,-,N,G,N,A,I,F,D,P,K,F,Q,-,D,K,A,T,M,T,L,D,T,S,S,I,T,A,F,L,H,L,S,S,L,T,S,E,D,T,A,V,Y,Y,C,A,V,L,F,Y,G,N,A,P,Y,A,M,D,Y,W,G,Q,G,T,S,V,T,V,S,S
Psanger_128624	Psanger	None	K64/15R	HC	1	100	1	Sanger	ATGAAGCTGCCTGTTCTGCTAGTGGTGCTGCTATTGTTCACGAGTCCAGCCTCAAGCAGTGAGGTGAAGCTTAAGGAGTCTGGAGGAGGCTTGGTGCAACCTGGAGGATCCATGAAACTCTCCTGTGTTGCCTCTGGATTCACTTTCAGTAACTCCTGGATGAACTGGGTCCGCCAGTCTCCAGAGAAGGGGCTTGAGTGGGTTGCTGAAATTAGATTGAAATCTCATAATTATGCAACACATTATGTGGAGTCTGTGAAAGGGAGGTTCACCATCTCAAGAGATGATTCCAAAAGTCGTGTCTACCTGCAAATGAACAACTTAAGAGTTGAAGACACTGGCATTTATTACTGTACCGCCTACTCTTACTTCGATGTCTGGGGCGCAGGGACTCTGGTCACTGTCTCTGCGGCGCGCCCAACA		H	1e-53	171.7	20	136	imgt	0	MKLPVLLVVLLLFTSPASSS`EVKLKESGGGLVQPGGSMKLSCVASGFTFSNSWMNWVRQSPEKGLEWVAEIRLKSHNYATHYVESVKGRFTISRDDSKSRVYLQMNNLRVEDTGIYYCTAYSYFDVWGAGTLVTVS`AARPT	1,2,3,4,5,6,7,8,9,10,11,12,13,14,15,16,17,18,19,20,21,22,23,24,25,26,27,28,29,30,31,32,33,34,35,36,37,38,39,40,41,42,43,44,45,46,47,48,49,50,51,52,53,54,55,56,57,58,59,60,61,62,63,64,65,66,67,68,69,70,71,72,73,74,75,76,77,78,79,80,81,82,83,84,85,86,87,88,89,90,91,92,93,94,95,96,97,98,99,100,101,102,103,104,105,106,107,108,109,110,111,112,113,114,115,116,117,118,119,120,121,122,123,124,125,126,127,128	E,V,K,L,K,E,S,G,G,-,G,L,V,Q,P,G,G,S,M,K,L,S,C,V,A,S,G,F,T,F,-,-,-,-,S,N,S,W,M,N,W,V,R,Q,S,P,E,K,G,L,E,W,V,A,E,I,R,L,K,S,H,N,Y,A,T,H,Y,V,E,S,V,K,-,G,R,F,T,I,S,R,D,D,S,K,S,R,V,Y,L,Q,M,N,N,L,R,V,E,D,T,G,I,Y,Y,C,T,A,Y,S,-,-,-,-,-,Y,F,D,V,W,G,A,G,T,L,V,T,V,S,A
Psanger_128625	Psanger	None	K66/38R	HC	1	100	1	Sanger	ATGAAGCTGCCTGTTCTGCTAGTGGTGCTGCTATTGTTCACGAGTCCAGCCTCAAGCAGTGAGGTCCAGCTGCAGCAGTCGGGACCTGGCCTGGTGAAACCTTCTCAGTCTCTGTCCCTCACCTGCACTGTCACTGGCTACTCAATCACCAGTGATTATGCCTGGACCTGGATCCGGCAGTTTCCAGGAAACAAACTGGAGTGGATGGCCTACATAAGCTACAGTGGTACCACTAGCTACAACCCATCTCTCAAAAGTCGAATCTCTATCACTCGAGACACATCCAAGAACCAGTTCTTCCTGCAATTGAATTCTGTGACTACTGAGGACACAGCCACATATTACTGTGCAAGATCTCGTTTTTACTACGGTAGTAGCTTTTTTCCTTACTGGGGCCAAGGGACTCTGGTCACTGTCTCTGCGGCGCGCCCAACA		H	3.5e-54	173.2	20	140	imgt	0	MKLPVLLVVLLLFTSPASSS`EVQLQQSGPGLVKPSQSLSLTCTVTGYSITSDYAWTWIRQFPGNKLEWMAYISYSGTTSYNPSLKSRISITRDTSKNQFFLQLNSVTTEDTATYYCARSRFYYGSSFFPYWGQGTLVTVS`AARPT	1,2,3,4,5,6,7,8,9,10,11,12,13,14,15,16,17,18,19,20,21,22,23,24,25,26,27,28,29,30,31,32,33,34,35,36,37,38,39,40,41,42,43,44,45,46,47,48,49,50,51,52,53,54,55,56,57,58,59,60,61,62,63,64,65,66,67,68,69,70,71,72,73,74,75,76,77,78,79,80,81,82,83,84,85,86,87,88,89,90,91,92,93,94,95,96,97,98,99,100,101,102,103,104,105,106,107,108,109,110,111,112,112,113,114,115,116,117,118,119,120,121,122,123,124,125,126,127,128	E,V,Q,L,Q,Q,S,G,P,-,G,L,V,K,P,S,Q,S,L,S,L,T,C,T,V,T,G,Y,S,I,T,-,-,-,S,D,Y,A,W,T,W,I,R,Q,F,P,G,N,K,L,E,W,M,A,Y,I,S,Y,S,-,-,-,G,T,T,S,Y,N,P,S,L,K,-,S,R,I,S,I,T,R,D,T,S,K,N,Q,F,F,L,Q,L,N,S,V,T,T,E,D,T,A,T,Y,Y,C,A,R,S,R,F,Y,Y,A,S,S,F,F,P,Y,W,G,Q,G,T,L,V,T,V,S,A
Psanger_128626	Psanger	None	K74/71R	HC	1	100	1	Sanger	ATGAAGCTGCCTGTTCTGCTAGTGGTGCTGCTATTGTTCACGAGTCCAGCCTCAAGCAGTGAGGTGCAGCTGGTGGAATCTGGGGCTGAGCTGGTGAGGCCTGGGGCTTCAGTGAAGCTGTCCTGCAAGGCTTCTGGCTACACGTTCGCCAGGTACTGGATGAACTGGTTTAAGCAGAGGCCTGACCAAGGCCTTGAGTGGATTGGAAGGATTGATCCTTACGATAGTGAAACTCACTACAATCAAAAGTTCAAGGACAAGGCCATATTGACTGTAGACAAATCCTCCAGCACAGCCTACATGCAACTCAGCAGCCTGACATCTGAGGACTCTGCGGTCTATTACTGTGCAAGAGGGGGGGACTACTGGGGTCAAGGAACCTCAGTCACCGTCTCCTCGGCGCGCCCAACA		H	4.2e-56	179.4	20	132	imgt	0	MKLPVLLVVLLLFTSPASSS`EVQLVESGAELVRPGASVKLSCKASGYTFARYWMNWFKQRPDQGLEWIGRIDPYDSETHYNQKFKDKAILTVDKSSSTAYMQLSSLTSEDSAVYYCARGGDYWGQGTSVTVS`SARPT	1,2,3,4,5,6,7,8,9,10,11,12,13,14,15,16,17,18,19,20,21,22,23,24,25,26,27,28,29,30,31,32,33,34,35,36,37,38,39,40,41,42,43,44,45,46,47,48,49,50,51,52,53,54,55,56,57,58,59,60,61,62,63,64,65,66,67,68,69,70,71,72,73,74,75,76,77,78,79,80,81,82,83,84,85,86,87,88,89,90,91,92,93,94,95,96,97,98,99,100,101,102,103,104,105,106,107,108,109,110,111,112,113,114,115,116,117,118,119,120,121,122,123,124,125,126,127,128	E,V,Q,L,V,E,S,G,A,-,E,L,V,R,P,G,A,S,V,K,L,S,C,K,A,S,G,Y,T,F,-,-,-,-,A,R,Y,W,M,N,W,F,K,Q,R,P,D,Q,G,L,E,W,I,G,R,I,D,P,Y,-,-,D,S,E,T,H,Y,N,Q,K,F,K,-,D,K,A,I,L,T,V,D,K,S,S,S,T,A,Y,M,Q,L,S,S,L,T,S,E,D,S,A,V,Y,Y,C,A,R,G,-,-,-,-,-,-,-,G,D,Y,W,G,Q,G,T,S,V,T,V,S,S
Psanger_128627	Psanger	None	K75/41R	HC	1	100	1	Sanger	ATGAAGCTGCCTGTTCTGCTAGTGGTGCTGCTATTGTTCACGAGTCCAGCCTCAAGCAGTGAGGTTCAGCTGGTGGAATCTGGGGGAGGCTTAGTGAAGCCTGGAGGGTCCCTGAAACTCTCCTGTGCAGCCTCTGGATTCACTTTCAGTAGCTATGCCATGTCTTGGGTTCGCCAGACTCCGGAGAAGAGGCTGGAGTGGGTCGCAACCATTAGTAGTGGTGGTAGTTACACCTACTATGCAGACAATGTGAAGGGTCGATTCACCATCTCCAGAGACCTTGCCAGGAACACCCTGTACCTGCAAATGAGCAGTCTGAGGTCTGAGGACACGGCCATGTTTTACTGTGCAAGAGGGTTCGATTACTACGGCTATGCTGTGGACTACTGGGGTCAAGGAACCTCAGTCACCGTCTCCTCGGCGCGCCCAACA		H	2.2e-60	193.6	20	139	imgt	0	MKLPVLLVVLLLFTSPASSS`EVQLVESGGGLVKPGGSLKLSCAASGFTFSSYAMSWVRQTPEKRLEWVATISSGGSYTYYADNVKGRFTISRDLARNTLYLQMSSLRSEDTAMFYCARGFDYYGYAVDYWGQGTSVTVS`SARPT	1,2,3,4,5,6,7,8,9,10,11,12,13,14,15,16,17,18,19,20,21,22,23,24,25,26,27,28,29,30,31,32,33,34,35,36,37,38,39,40,41,42,43,44,45,46,47,48,49,50,51,52,53,54,55,56,57,58,59,60,61,62,63,64,65,66,67,68,69,70,71,72,73,74,75,76,77,78,79,80,81,82,83,84,85,86,87,88,89,90,91,92,93,94,95,96,97,98,99,100,101,102,103,104,105,106,107,108,109,110,111,112,113,114,115,116,117,118,119,120,121,122,123,124,125,126,127,128	E,V,Q,L,V,E,S,G,G,-,G,L,V,K,P,G,G,S,L,K,L,S,C,A,A,S,G,F,T,F,-,-,-,-,S,S,Y,A,M,S,W,V,R,Q,T,P,E,K,R,L,E,W,V,A,T,I,S,S,G,-,-,G,S,Y,T,Y,Y,A,D,N,V,K,-,G,R,F,T,I,S,R,D,L,A,R,N,T,L,Y,L,Q,M,S,S,L,R,S,E,D,T,A,M,F,Y,C,A,R,G,F,D,Y,Y,G,Y,A,V,D,Y,W,G,Q,G,T,S,V,T,V,S,S
Psanger_128628	Psanger	None	K89/34R	HC	1	100	1	Sanger	ATGAAGCTGCCTGTTCTGCTAGTGGTGCTGCTATTGTTCACGAGTCCAGCCTCAAGCAGTCAGATCCAGTTGGTGCAGTCTGGGACTGTGCTGGCAAGGCCTGGGGCTTCAGTGAAGATGTCCTGCAAGGCTTCTGGCTACACCTTTACCAGGTACTGGATTCACTGGATGAAACAGAGCCCTGGACAGGTTCTGGAGTGGATTGGCGCCGTTTATCCTGGAAATGGTGATGCTGACTACAACCAGAAGTTCAAGGACAAGGCCAAACTGACTGCAGTCACATCCACCAGTACTACCTACATGGAACTCAGCAGCCTGACAAATGAGGACTCTGCGGTCTATTACTGTGCCTATGATTTCGACAGGGAATACTACTTTGACTACTGGGGCCAGGGCACCACTCTCACAGTCTCCTCGGCGCGCCCAACA        		H	2.8e-52	167.0	20	138	imgt	0	MKLPVLLVVLLLFTSPASSS`QIQLVQSGTVLARPGASVKMSCKASGYTFTRYWIHWMKQSPGQVLEWIGAVYPGNGDADYNQKFKDKAKLTAVTSTSTTYMELSSLTNEDSAVYYCAYDFDREYYFDYWGQGTTLTVS`SARPT	1,2,3,4,5,6,7,8,9,10,11,12,13,14,15,16,17,18,19,20,21,22,23,24,25,26,27,28,29,30,31,32,33,34,35,36,37,38,39,40,41,42,43,44,45,46,47,48,49,50,51,52,53,54,55,56,57,58,59,60,61,62,63,64,65,66,67,68,69,70,71,72,73,74,75,76,77,78,79,80,81,82,83,84,85,86,87,88,89,90,91,92,93,94,95,96,97,98,99,100,101,102,103,104,105,106,107,108,109,110,111,112,113,114,115,116,117,118,119,120,121,122,123,124,125,126,127,128	Q,I,Q,L,V,Q,S,G,T,-,V,L,A,R,P,G,A,S,V,K,M,S,C,K,A,S,G,Y,T,F,-,-,-,-,T,R,Y,W,I,H,W,M,K,Q,S,P,G,Q,V,L,E,W,I,G,A,V,Y,P,G,-,-,N,G,D,A,D,Y,N,Q,K,F,K,-,D,K,A,K,L,T,A,V,T,S,T,S,T,T,Y,M,E,L,S,S,L,T,N,E,D,S,A,V,Y,Y,C,A,Y,D,F,D,R,-,E,Y,Y,F,D,Y,W,G,Q,G,T,T,L,T,V,S,S
Psanger_128629	Psanger	None	K91/36R	HC	1	100	1	Sanger	ATGAAGCTGCCTGTTCTGCTAGTGGTGCTGCTATTGTTCACGAGTCCAGCCTCAAGCAGTCAGGTCGAGCTGCAGCAGTCTGGAGCTGAGCTGGTAAGGCCTGGGACTTCAGTGAAGGTGTCCTGCAAGGCTTCTGGATACGCCTTCACTAATTACTTGATAGAGTGGATAAAGCAGAGGCCTGGACAGGGCCTTGAGTGGATTGGAGTGATTAATCCTGGAAGTGGTGGTATTAAGTACAATGAGAAGTTCAAGGACAAGGCAACACTGACTGCAGACAAATCCTCCAGAACTGCCTACATGCAGCTCAGCAGCCTGACATCTGATGACTCTGCGGTCTATTTCTGTGCAAGATATGATAACGACGATGCTCTGGACTACTGGGGTCAAGGAACCTCAGTCACCGTCTCCTCGGCGCGCCCAACA		H	1.8e-56	180.6	20	137	imgt	0	MKLPVLLVVLLLFTSPASSS`QVELQQSGAELVRPGTSVKVSCKASGYAFTNYLIEWIKQRPGQGLEWIGVINPGSGGIKYNEKFKDKATLTADKSSRTAYMQLSSLTSDDSAVYFCARYDNDDALDYWGQGTSVTVS`SARPT	1,2,3,4,5,6,7,8,9,10,11,12,13,14,15,16,17,18,19,20,21,22,23,24,25,26,27,28,29,30,31,32,33,34,35,36,37,38,39,40,41,42,43,44,45,46,47,48,49,50,51,52,53,54,55,56,57,58,59,60,61,62,63,64,65,66,67,68,69,70,71,72,73,74,75,76,77,78,79,80,81,82,83,84,85,86,87,88,89,90,91,92,93,94,95,96,97,98,99,100,101,102,103,104,105,106,107,108,109,110,111,112,113,114,115,116,117,118,119,120,121,122,123,124,125,126,127,128	Q,V,E,L,Q,Q,S,G,A,-,E,L,V,R,P,G,T,S,V,K,V,S,C,K,A,S,G,Y,A,F,-,-,-,-,T,N,Y,L,I,E,W,I,K,Q,R,P,G,Q,G,L,E,W,I,G,V,I,N,P,G,-,-,S,G,G,I,K,Y,N,E,K,F,K,-,D,K,A,T,L,T,A,D,K,S,S,R,T,A,Y,M,Q,L,S,S,L,T,S,D,D,S,A,V,Y,F,C,A,R,Y,D,N,D,-,-,D,A,L,D,Y,W,G,Q,G,T,S,V,T,V,S,S
Psanger_128630	Psanger	None	L20/8R	HC	1	100	1	Sanger	ATGAAGCTGCCTGTTCTGCTAGTGGTGCTGCTATTGTTCACGAGTCCAGCCTCAAGCAGTGAGGTGAAGCTGGTGGAATCTGGGGGAGGCTTAGTGAAGCCTGGAGGGTCCCTGAAACTCTCCTGTGCAGCCTCTGGATTCACTTTCAGTAGCTATGCCATGTCATGGGTTCGCCAGACTCCAGAGAAGAGGCTGGAGTGGGTCGCATCCATTAATAGTGGTGGTATCACCTACTATCCAGACAGTGTGAAGGGCCGATTCACCATCTCCAGAGATAATGCCAGGAACATCCTGTACCTGCAAATGAGCAGTCTGAGGTCTGAGGACACGGCCATGTATTACTGTGTCCAAGAGGACGGGGCTGGCCCTGACTACTGGGGCCAAGGCACCACTCTCACAGTCTCCTCGGCGCGCCCAACA		H	8.2e-58	185.2	20	135	imgt	0	MKLPVLLVVLLLFTSPASSS`EVKLVESGGGLVKPGGSLKLSCAASGFTFSSYAMSWVRQTPEKRLEWVASINSGGITYYPDSVKGRFTISRDNARNILYLQMSSLRSEDTAMYYCVQEDGAGPDYWGQGTTLTVS`SARPT	1,2,3,4,5,6,7,8,9,10,11,12,13,14,15,16,17,18,19,20,21,22,23,24,25,26,27,28,29,30,31,32,33,34,35,36,37,38,39,40,41,42,43,44,45,46,47,48,49,50,51,52,53,54,55,56,57,58,59,60,61,62,63,64,65,66,67,68,69,70,71,72,73,74,75,76,77,78,79,80,81,82,83,84,85,86,87,88,89,90,91,92,93,94,95,96,97,98,99,100,101,102,103,104,105,106,107,108,109,110,111,112,113,114,115,116,117,118,119,120,121,122,123,124,125,126,127,128	E,V,K,L,V,E,S,G,G,-,G,L,V,K,P,G,G,S,L,K,L,S,C,A,A,S,G,F,T,F,-,-,-,-,S,S,Y,A,M,S,W,V,R,Q,T,P,E,K,R,L,E,W,V,A,S,I,N,S,G,-,-,-,G,I,T,Y,Y,P,D,S,V,K,-,G,R,F,T,I,S,R,D,N,A,R,N,I,L,Y,L,Q,M,S,S,L,R,S,E,D,T,A,M,Y,Y,C,V,Q,E,D,G,-,-,-,A,G,P,D,Y,W,G,Q,G,T,T,L,T,V,S,S
Psanger_128631	Psanger	None	L28/4R	HC	1	100	1	Sanger	ATGAAGCTGCCTGTTCTGCTAGTGGTGCTGCTATTGTTCACGAGTCCAGCCTCAAGCAGTGAAGTGCAGCTGAAGGAGTCTGGGGCAGAGCTTGTGAAGCCAGGGGCCTCAGTCAAGTTGTCCTGCACAGCTTCTGGCTTCAACATTAAAGACACCTATATGCACTGGGTGAAGCAGAGGCCTGAACAGGGCCTGGAGTGGATTGGAAGGATTGATCCTGCGAATGGTAATACTGATTATGACCCGAAGTTCCAGGTCAAGGCCACTATAACAGCAGACACATCCTCCAACACAGCCTACCTGCAGCTCAGCAGCCTGACATCTGAGGACACTGCCGTCTATTACTGTGCTAGAAGCTGGGTCTTTGACTACTGGGGCCAAGGCACCACTCTCACAGTCTCCTCGGCGCGCCCAACA		H	2.4e-57	183.4	20	134	imgt	0	MKLPVLLVVLLLFTSPASSS`EVQLKESGAELVKPGASVKLSCTASGFNIKDTYMHWVKQRPEQGLEWIGRIDPANGNTDYDPKFQVKATITADTSSNTAYLQLSSLTSEDTAVYYCARSWVFDYWGQGTTLTVS`SARPT	1,2,3,4,5,6,7,8,9,10,11,12,13,14,15,16,17,18,19,20,21,22,23,24,25,26,27,28,29,30,31,32,33,34,35,36,37,38,39,40,41,42,43,44,45,46,47,48,49,50,51,52,53,54,55,56,57,58,59,60,61,62,63,64,65,66,67,68,69,70,71,72,73,74,75,76,77,78,79,80,81,82,83,84,85,86,87,88,89,90,91,92,93,94,95,96,97,98,99,100,101,102,103,104,105,106,107,108,109,110,111,112,113,114,115,116,117,118,119,120,121,122,123,124,125,126,127,128	E,V,Q,L,K,E,S,G,A,-,E,L,V,K,P,G,A,S,V,K,L,S,C,T,A,S,G,F,N,I,-,-,-,-,K,D,T,Y,M,H,W,V,K,Q,R,P,E,Q,G,L,E,W,I,G,R,I,D,P,A,-,-,N,G,N,T,D,Y,D,P,K,F,Q,-,V,K,A,T,I,T,A,D,T,S,S,N,T,A,Y,L,Q,L,S,S,L,T,S,E,D,T,A,V,Y,Y,C,A,R,S,W,-,-,-,-,-,V,F,D,Y,W,G,Q,G,T,T,L,T,V,S,S
Psanger_128632	Psanger	None	L42/17R	HC	1	100	1	Sanger	ATGAAGCTGCCTGTTCTGCTAGTGGTGCTGCTATTGTTCACGAGTCCAGCCTCAAGCAGTCAGGTGCAGATGAAGGAGTCTGGAGCTGAGCTGATGAAGCCTGGGGCCTCAGTGAAGATGTCCTGCAAGGCTACTGGCTACACATTCAATGACTACTGGATAGAGTGGATAAAGCAGAGGCCTGGACATGGCCTTGAGTGGATTGGAGACATTTTTCCTGGAAGTGGTCGTACTAACTACAATGAGAAGTTCAAGGGCAAGGCCACATTCACTGTAGATACATCCTCCAACTCAGCCTACATGCAACTCAGCAGCCTGACATCTGGGGACTCTGCCGTCTATTACTGTTCAAATGGTAATTACTGGGGCCAAGGCACCACTCTCACAGTCTCCTCGGCGCGCCCAACA		H	1e-52	168.5	20	131	imgt	0	MKLPVLLVVLLLFTSPASSS`QVQMKESGAELMKPGASVKMSCKATGYTFNDYWIEWIKQRPGHGLEWIGDIFPGSGRTNYNEKFKGKATFTVDTSSNSAYMQLSSLTSGDSAVYYCSNGNYWGQGTTLTVS`SARPT	1,2,3,4,5,6,7,8,9,10,11,12,13,14,15,16,17,18,19,20,21,22,23,24,25,26,27,28,29,30,31,32,33,34,35,36,37,38,39,40,41,42,43,44,45,46,47,48,49,50,51,52,53,54,55,56,57,58,59,60,61,62,63,64,65,66,67,68,69,70,71,72,73,74,75,76,77,78,79,80,81,82,83,84,85,86,87,88,89,90,91,92,93,94,95,96,97,98,99,100,101,102,103,104,105,106,107,108,109,110,111,112,113,114,115,116,117,118,119,120,121,122,123,124,125,126,127,128	Q,V,Q,M,K,E,S,G,A,-,E,L,M,K,P,G,A,S,V,K,M,S,C,K,A,T,G,Y,T,F,-,-,-,-,N,D,Y,W,I,E,W,I,K,Q,R,P,G,H,G,L,E,W,I,G,D,I,F,P,G,-,-,S,G,R,T,N,Y,N,E,K,F,K,-,G,K,A,T,F,T,V,D,T,S,S,N,S,A,Y,M,Q,L,S,S,L,T,S,G,D,S,A,V,Y,Y,C,S,N,G,-,-,-,-,-,-,-,-,N,Y,W,G,Q,G,T,T,L,T,V,S,S
Psanger_128633	Psanger	None	L43/40R	HC	1	100	1	Sanger	ATGAAGCTGCCTGTTCTGCTAGTGGTGCTGCTATTGTTCACGAGTCCAGCCTCAAGCAGTCAGGTTCAGCTGCAGCAGTCTGGAGCTGAACTGATGAAGCCTGGGGCCTCAGTGAAGATATCCTGCAAGGCAACTGGCTACACATTCAGTAGGTCCTGGATAGAGTGGATAAAACAGAGGCCTGGACATGGCCTTGAGTGGATTGGAGAGATTTTACCTGGAAGTGGTAGAACTGAGTACAATGAGAAGTTCAAGGGCAAGGCCTCATTCACTGCAGATACATCCTCCAATACAGCCTGCATGCAACTCAGCAGCCTGACATCTGAGGACTCTGCCGTCTATTACTGTGCCGCCGCCCCTCTGCTGGGCCAAGGCACCACTCTCACAGTCTCCTCGGCGCGCCCAACA		H	1.6e-49	158.1	20	131	imgt	0	MKLPVLLVVLLLFTSPASSS`QVQLQQSGAELMKPGASVKISCKATGYTFSRSWIEWIKQRPGHGLEWIGEILPGSGRTEYNEKFKGKASFTADTSSNTACMQLSSLTSEDSAVYYCAAAPLLGQGTTLTVS`SARPT	1,2,3,4,5,6,7,8,9,10,11,12,13,14,15,16,17,18,19,20,21,22,23,24,25,26,27,28,29,30,31,32,33,34,35,36,37,38,39,40,41,42,43,44,45,46,47,48,49,50,51,52,53,54,55,56,57,58,59,60,61,62,63,64,65,66,67,68,69,70,71,72,73,74,75,76,77,78,79,80,81,82,83,84,85,86,87,88,89,90,91,92,93,94,95,96,97,98,99,100,101,102,103,104,105,106,107,108,109,110,111,112,113,114,115,116,117,118,119,120,121,122,123,124,125,126,127,128	Q,V,Q,L,Q,Q,S,G,A,-,E,L,M,K,P,G,A,S,V,K,I,S,C,K,A,T,G,Y,T,F,-,-,-,-,S,R,S,W,I,E,W,I,K,Q,R,P,G,H,G,L,E,W,I,G,E,I,L,P,G,-,-,S,G,R,T,E,Y,N,E,K,F,K,-,G,K,A,S,F,T,A,D,T,S,S,N,T,A,C,M,Q,L,S,S,L,T,S,E,D,S,A,V,Y,Y,C,A,A,A,-,-,-,-,-,-,-,-,P,L,L,G,Q,G,T,T,L,T,V,S,S
Psanger_128634	Psanger	None	L6/23R	HC	1	100	1	Sanger	ATGAAGCTGCCTGTTCTGCTAGTGGTGCTGCTATTGTTCACGAGTCCAGCCTCAAGCAGTGAGGTGCAGCTGCAACAGTCTGGGGCTGAACTTGTGAAGCCTGGGGCTTCTGTGAAGCTGTCCTGCAAGGCTTCTGGCTACACCTTCACCAGCTTCTGGATGCACTGGGTGAAGCAGAGGCCTGGACAAGGCCTTGAGTGGATCGGAGAGATTGATCCTTCTGATGGTTATTCTGACTACAATCAAAAGTTTAAGGACAAGGCCACATTGACTGTAGACAAGTCCTCCAGCACAGCCTACATGCAGCTCAGCAGCCTGACATCTGAGGACTCTGCGGTCTATTACTGTACAAGATGGGGGGGTACCTCCACTTACTTGTTTTCTTACTGGGGCCAAGGGACTCTGGTCACTGTCTCTGCGGCGCGCCCAACA		H	1.3e-58	187.5	20	139	imgt	0	MKLPVLLVVLLLFTSPASSS`EVQLQQSGAELVKPGASVKLSCKASGYTFTSFWMHWVKQRPGQGLEWIGEIDPSDGYSDYNQKFKDKATLTVDKSSSTAYMQLSSLTSEDSAVYYCTRWGGTSTYLFSYWGQGTLVTVS`AARPT	1,2,3,4,5,6,7,8,9,10,11,12,13,14,15,16,17,18,19,20,21,22,23,24,25,26,27,28,29,30,31,32,33,34,35,36,37,38,39,40,41,42,43,44,45,46,47,48,49,50,51,52,53,54,55,56,57,58,59,60,61,62,63,64,65,66,67,68,69,70,71,72,73,74,75,76,77,78,79,80,81,82,83,84,85,86,87,88,89,90,91,92,93,94,95,96,97,98,99,100,101,102,103,104,105,106,107,108,109,110,111,112,113,114,115,116,117,118,119,120,121,122,123,124,125,126,127,128	E,V,Q,L,Q,Q,S,G,A,-,E,L,V,K,P,G,A,S,V,K,L,S,C,K,A,S,G,Y,T,F,-,-,-,-,T,S,F,W,M,H,W,V,K,Q,R,P,G,Q,G,L,E,W,I,G,E,I,D,P,S,-,-,D,G,Y,S,D,Y,N,Q,K,F,K,-,D,K,A,T,L,T,V,D,K,S,S,S,T,A,Y,M,Q,L,S,S,L,T,S,E,D,S,A,V,Y,Y,C,T,R,W,G,G,T,S,T,Y,L,F,S,Y,W,G,Q,G,T,L,V,T,V,S,A
Psanger_114502	Psanger	None	L60/4R	HC	1	100	1	Sanger	GCCTCAAGCAGTCAGGTGCAGATGAAGCAGTCGAGACCTGGCCTGGTGAGACCTTCTCAGTCTCTGTCCCTCACCTGCACTGTCACTGGCTACTCAATCACCAATGATTATGCCTGGAACTGGATCCGGCAGTTTCCAGGAAGCAAGCTGGAGTGGGTGGGCTACATAAGCTACAGTGGTGACACTATCTACAACCCATCTCTCAAAAGTCGAATCTCTATTACTCGAGACACATCCAAGAACCAGTTCTTCCTGCAGTTGAATTCTGTGACTGCTGAGGACACAGCCACATATTACTGTACAAGGGGGTTTTTTAACTGGGGCCAAGGGACTCTGGTCACTGTCTC		H	1.4e-49	158.3	4	115	imgt	0	ASSS`QVQMKQSRPGLVRPSQSLSLTCTVTGYSITNDYAWNWIRQFPGSKLEWVGYISYSGDTIYNPSLKSRISITRDTSKNQFFLQLNSVTAEDTATYYCTRGFFNWGQGTLVTV`S	1,2,3,4,5,6,7,8,9,10,11,12,13,14,15,16,17,18,19,20,21,22,23,24,25,26,27,28,29,30,31,32,33,34,35,36,37,38,39,40,41,42,43,44,45,46,47,48,49,50,51,52,53,54,55,56,57,58,59,60,61,62,63,64,65,66,67,68,69,70,71,72,73,74,75,76,77,78,79,80,81,82,83,84,85,86,87,88,89,90,91,92,93,94,95,96,97,98,99,100,101,102,103,104,105,106,107,108,109,110,111,112,113,114,115,116,117,118,119,120,121,122,123,124,125,126,127	Q,V,Q,M,K,Q,S,R,P,-,G,L,V,R,P,S,Q,S,L,S,L,T,C,T,V,T,G,Y,S,I,T,-,-,-,N,D,Y,A,W,N,W,I,R,Q,F,P,G,S,K,L,E,W,V,G,Y,I,S,Y,S,-,-,-,G,D,T,I,Y,N,P,S,L,K,-,S,R,I,S,I,T,R,D,T,S,K,N,Q,F,F,L,Q,L,N,S,V,T,A,E,D,T,A,T,Y,Y,C,T,R,G,-,-,-,-,-,-,-,F,F,N,W,G,Q,G,T,L,V,T,V,S
Psanger_114517	Psanger	None	N104/32.1R	HC	1	100	1	Sanger	GCCTCAAGCAGTGAGGTGCAGCTGCAGCAGTCTGGACCTGAGGTGAAGAAGCCTGGAGAGACAGTCAAGATCTCCTGCAAGGCTTCTGGGTATACCTTCACAAAATATGCAATGAACTGGGTGAAGCAGGCTCCAGGAAAGGGTTTAAAGTGGATGGGCTGGATAAACACCTACACTGGAAAGCCAACGTATGCTGATGACTTCAAGGGACGGTTTGCCTTCTCTTTGGAAACCTCTGCCAGCACTGCCTACTTGCAGATCAACAACCTCAAAAATGAGGACACGGCTACATATTTCTGTGCAAGCTATGGTAATTTGGACTACTGGGGTCAAGGAACCTCAGTCACCGTCTCCTC		H	8.2e-53	168.8	4	118	imgt	0	ASSS`EVQLQQSGPEVKKPGETVKISCKASGYTFTKYAMNWVKQAPGKGLKWMGWINTYTGKPTYADDFKGRFAFSLETSASTAYLQINNLKNEDTATYFCASYGNLDYWGQGTSVTVS`S	1,2,3,4,5,6,7,8,9,10,11,12,13,14,15,16,17,18,19,20,21,22,23,24,25,26,27,28,29,30,31,32,33,34,35,36,37,38,39,40,41,42,43,44,45,46,47,48,49,50,51,52,53,54,55,56,57,58,59,60,61,62,63,64,65,66,67,68,69,70,71,72,73,74,75,76,77,78,79,80,81,82,83,84,85,86,87,88,89,90,91,92,93,94,95,96,97,98,99,100,101,102,103,104,105,106,107,108,109,110,111,112,113,114,115,116,117,118,119,120,121,122,123,124,125,126,127,128	E,V,Q,L,Q,Q,S,G,P,-,E,V,K,K,P,G,E,T,V,K,I,S,C,K,A,S,G,Y,T,F,-,-,-,-,T,K,Y,A,M,N,W,V,K,Q,A,P,G,K,G,L,K,W,M,G,W,I,N,T,Y,-,-,T,G,K,P,T,Y,A,D,D,F,K,-,G,R,F,A,F,S,L,E,T,S,A,S,T,A,Y,L,Q,I,N,N,L,K,N,E,D,T,A,T,Y,F,C,A,S,Y,G,-,-,-,-,-,N,L,D,Y,W,G,Q,G,T,S,V,T,V,S,S
Psanger_128635	Psanger	None	N106/43R	HC	1	100	1	Sanger	ATGAAGCTGCCTGTTCTGCTAGTGGTGCTGCTATTGTTCACGAGTCCAGCCTCAAGCAGTCAGGTCCAACTGCAGCAGCCTGGACCTGAACTGGTGAAGCCTGGAGCTTCAATGAAGATATCCTGCAAGGCTTCTGGTTACTCATTCACTGACTACACCATGAACTGGGTGATGCAGAGCCATGGAAAGAACCTTGAGTGGATTGGACTTATTAATCCTTACAATGGTGGTACTAGCTTCAACCAGAAGTTCAAGGGCAAGGCCACATTAACTGTAGACAAGTCATCCAGCACAGTCTACATGGAGCTCCTCAGTCTGACATCTGAGGACTCTGCAGTCTATTACTGTGCAAGGGGGGGTTACTTCCACTACTGGGGCCAAGGCACCACTCTCACAGTCTCCTCGGCGCGCCCAACA		H	1.2e-55	177.9	20	134	imgt	0	MKLPVLLVVLLLFTSPASSS`QVQLQQPGPELVKPGASMKISCKASGYSFTDYTMNWVMQSHGKNLEWIGLINPYNGGTSFNQKFKGKATLTVDKSSSTVYMELLSLTSEDSAVYYCARGGYFHYWGQGTTLTVS`SARPT	1,2,3,4,5,6,7,8,9,10,11,12,13,14,15,16,17,18,19,20,21,22,23,24,25,26,27,28,29,30,31,32,33,34,35,36,37,38,39,40,41,42,43,44,45,46,47,48,49,50,51,52,53,54,55,56,57,58,59,60,61,62,63,64,65,66,67,68,69,70,71,72,73,74,75,76,77,78,79,80,81,82,83,84,85,86,87,88,89,90,91,92,93,94,95,96,97,98,99,100,101,102,103,104,105,106,107,108,109,110,111,112,113,114,115,116,117,118,119,120,121,122,123,124,125,126,127,128	Q,V,Q,L,Q,Q,P,G,P,-,E,L,V,K,P,G,A,S,M,K,I,S,C,K,A,S,G,Y,S,F,-,-,-,-,T,D,Y,T,M,N,W,V,M,Q,S,H,G,K,N,L,E,W,I,G,L,I,N,P,Y,-,-,N,G,G,T,S,F,N,Q,K,F,K,-,G,K,A,T,L,T,V,D,K,S,S,S,T,V,Y,M,E,L,L,S,L,T,S,E,D,S,A,V,Y,Y,C,A,R,G,G,-,-,-,-,-,Y,F,H,Y,W,G,Q,G,T,T,L,T,V,S,S
Psanger_114496	Psanger	None	N11/33R	HC	1	100	1	Sanger	GCCTCAAGCAGTGAGGTCCAGCTGCAACAGTCTGGACCTGAACTGGTGAAGCCTGGGGCTTCAGTGAAGATAACCTGCAAGACTTCTGGATACACATTCACTGAATACGCCATGCACTGGGTGAAGCAGAGCCATGGAAAGAGCCTTGAGTGGATTGGAGGTATTAATCCTGATAATGGTGGTAATAAATACAATCAGAACTTCCAGGGCAAGGCCACATTGACTGTAGACAAGTCCTCCAGCACAGCCCACATGGAGCTCCGCAGCCTGACATCTGAAGATTCTGCAGTCTATTACTGTACAGTACAGGGATTTGACTACTGGGGCCAAGGCACCACTCTCACAGTCTCCTC		H	8.1e-56	178.5	4	117	imgt	0	ASSS`EVQLQQSGPELVKPGASVKITCKTSGYTFTEYAMHWVKQSHGKSLEWIGGINPDNGGNKYNQNFQGKATLTVDKSSSTAHMELRSLTSEDSAVYYCTVQGFDYWGQGTTLTVS`S	1,2,3,4,5,6,7,8,9,10,11,12,13,14,15,16,17,18,19,20,21,22,23,24,25,26,27,28,29,30,31,32,33,34,35,36,37,38,39,40,41,42,43,44,45,46,47,48,49,50,51,52,53,54,55,56,57,58,59,60,61,62,63,64,65,66,67,68,69,70,71,72,73,74,75,76,77,78,79,80,81,82,83,84,85,86,87,88,89,90,91,92,93,94,95,96,97,98,99,100,101,102,103,104,105,106,107,108,109,110,111,112,113,114,115,116,117,118,119,120,121,122,123,124,125,126,127,128	E,V,Q,L,Q,Q,S,G,P,-,E,L,V,K,P,G,A,S,V,K,I,T,C,K,T,S,G,Y,T,F,-,-,-,-,T,E,Y,A,M,H,W,V,K,Q,S,H,G,K,S,L,E,W,I,G,G,I,N,P,D,-,-,N,G,G,N,K,Y,N,Q,N,F,Q,-,G,K,A,T,L,T,V,D,K,S,S,S,T,A,H,M,E,L,R,S,L,T,S,E,D,S,A,V,Y,Y,C,T,V,Q,G,-,-,-,-,-,-,F,D,Y,W,G,Q,G,T,T,L,T,V,S,S
Psanger_114518	Psanger	None	N110/29.4R	HC	1	100	1	Sanger	GCCTCAAGCAGTGAGGTGCAGCTGGTAGAGACCGGGGGAGGCTTGGTGAGGCCTGGAAATTCTCTGAAACTCTCCTGTGTTACCTCGGGATTCACTTTCAGTAACTACCGGATGCACTGGCTTCGCCAGCCTCCAGGGAAGAGGCTGGAGTGGATTGCTGTAATTACAGTCAAATCTGCTAATTATGGAACAAATTATGCAGAGTCTGTGAAAGGCAGATTCACTATTTCAAGAGATGATTCAAAAAGCAGTGTCTACCTGCAGATGAACAGATTAAGAGAGGAAGACACTGCCACTTATTATTGTAGCCGGAGTAGCCTCTTTGACTACTGGGGCCAAGGCACCACTCTCACAGTCTCCTC		H	3.3e-56	179.7	4	120	imgt	0	ASSS`EVQLVETGGGLVRPGNSLKLSCVTSGFTFSNYRMHWLRQPPGKRLEWIAVITVKSANYGTNYAESVKGRFTISRDDSKSSVYLQMNRLREEDTATYYCSRSSLFDYWGQGTTLTVS`S	1,2,3,4,5,6,7,8,9,10,11,12,13,14,15,16,17,18,19,20,21,22,23,24,25,26,27,28,29,30,31,32,33,34,35,36,37,38,39,40,41,42,43,44,45,46,47,48,49,50,51,52,53,54,55,56,57,58,59,60,61,62,63,64,65,66,67,68,69,70,71,72,73,74,75,76,77,78,79,80,81,82,83,84,85,86,87,88,89,90,91,92,93,94,95,96,97,98,99,100,101,102,103,104,105,106,107,108,109,110,111,112,113,114,115,116,117,118,119,120,121,122,123,124,125,126,127,128	E,V,Q,L,V,E,T,G,G,-,G,L,V,R,P,G,N,S,L,K,L,S,C,V,T,S,G,F,T,F,-,-,-,-,S,N,Y,R,M,H,W,L,R,Q,P,P,G,K,R,L,E,W,I,A,V,I,T,V,K,S,A,N,Y,G,T,N,Y,A,E,S,V,K,-,G,R,F,T,I,S,R,D,D,S,K,S,S,V,Y,L,Q,M,N,R,L,R,E,E,D,T,A,T,Y,Y,C,S,R,S,S,-,-,-,-,-,L,F,D,Y,W,G,Q,G,T,T,L,T,V,S,S
Psanger_114506	Psanger	None	N114/10.1R	HC	1	100	1	Sanger	GCCTCAAGCAGTGAGGTGCAGCTGAAGGAGTCAGGACCTGGCCTGGTGGCGCCCTCACAGAGCCTGTCCATCACATGCACCGTCTCAGGGTTCTCATTAACCGACTATGGTGTAAACTGGGTTCGCCAGCCTCCAGGAAAGGGTCTGGAGTGGCTGGGAATGATATGGGGTGATGGAACCACAGACTATAATTCAGTTCTCAAATCCAGACTGAGCATCAGCAAGGACAACTCCAAGAGCCAAGTTTTCTTAAAGATGAACAGTCTGCAAACTGCTGACACAGCCAGGTACTACTGTGCCAGAGAAGAGGGAGCTTACTGGGGCCAAGGGACTCTGGTCACTGTCTCTGC		H	7.3e-52	165.7	4	116	imgt	0	ASSS`EVQLKESGPGLVAPSQSLSITCTVSGFSLTDYGVNWVRQPPGKGLEWLGMIWGDGTTDYNSVLKSRLSISKDNSKSQVFLKMNSLQTADTARYYCAREEGAYWGQGTLVTVS`A	1,2,3,4,5,6,7,8,9,10,11,12,13,14,15,16,17,18,19,20,21,22,23,24,25,26,27,28,29,30,31,32,33,34,35,36,37,38,39,40,41,42,43,44,45,46,47,48,49,50,51,52,53,54,55,56,57,58,59,60,61,62,63,64,65,66,67,68,69,70,71,72,73,74,75,76,77,78,79,80,81,82,83,84,85,86,87,88,89,90,91,92,93,94,95,96,97,98,99,100,101,102,103,104,105,106,107,108,109,110,111,112,113,114,115,116,117,118,119,120,121,122,123,124,125,126,127,128	E,V,Q,L,K,E,S,G,P,-,G,L,V,A,P,S,Q,S,L,S,I,T,C,T,V,S,G,F,S,L,-,-,-,-,T,D,Y,G,V,N,W,V,R,Q,P,P,G,K,G,L,E,W,L,G,M,I,W,G,D,-,-,-,G,T,T,D,Y,N,S,V,L,K,-,S,R,L,S,I,S,K,D,N,S,K,S,Q,V,F,L,K,M,N,S,L,Q,T,A,D,T,A,R,Y,Y,C,A,R,E,E,-,-,-,-,-,-,G,A,Y,W,G,Q,G,T,L,V,T,V,S,A
Psanger_114487	Psanger	None	N116/14R	HC	1	100	1	Sanger	GCCTCAAGCAGTGAGGTCCAGCTGCAACAGTCTGGAGCTGAGCTGATGAAGCCTGGGGCCTCAGTGAAGATATCCTGCAAGGCTACTGGCTACACATTCAATAACTACTGGATAGAGTGGATAAAGCAGAGGCCTGGACATGGCCTTGAGTGGATTGGAGAGATTTTACCTGGAAGTGATAGTAACTACAATGAGAAGTTCAAGGGCAAGGCCACATTCACTACAGATACATCCTCCAACACAGCCTACATACAACTCAGTAGCCTGACATCTGAGGACTCTGCCGTCTATTACTGTTCAAGAGGATATGGTTACTTCACCTGGTTTGCTTACTGGGGCCAAGGGACTCTGGTCACTGTCTCTGC		H	3.2e-56	179.8	4	121	imgt	0	ASSS`EVQLQQSGAELMKPGASVKISCKATGYTFNNYWIEWIKQRPGHGLEWIGEILPGSDSNYNEKFKGKATFTTDTSSNTAYIQLSSLTSEDSAVYYCSRGYGYFTWFAYWGQGTLVTVS`A	1,2,3,4,5,6,7,8,9,10,11,12,13,14,15,16,17,18,19,20,21,22,23,24,25,26,27,28,29,30,31,32,33,34,35,36,37,38,39,40,41,42,43,44,45,46,47,48,49,50,51,52,53,54,55,56,57,58,59,60,61,62,63,64,65,66,67,68,69,70,71,72,73,74,75,76,77,78,79,80,81,82,83,84,85,86,87,88,89,90,91,92,93,94,95,96,97,98,99,100,101,102,103,104,105,106,107,108,109,110,111,112,113,114,115,116,117,118,119,120,121,122,123,124,125,126,127,128	E,V,Q,L,Q,Q,S,G,A,-,E,L,M,K,P,G,A,S,V,K,I,S,C,K,A,T,G,Y,T,F,-,-,-,-,N,N,Y,W,I,E,W,I,K,Q,R,P,G,H,G,L,E,W,I,G,E,I,L,P,G,-,-,-,S,D,S,N,Y,N,E,K,F,K,-,G,K,A,T,F,T,T,D,T,S,S,N,T,A,Y,I,Q,L,S,S,L,T,S,E,D,S,A,V,Y,Y,C,S,R,G,Y,G,Y,-,F,T,W,F,A,Y,W,G,Q,G,T,L,V,T,V,S,A
Psanger_114514	Psanger	None	N117/9.5R	HC	1	100	1	Sanger	GCCTCAAGCAGTCAGGTGCAGCTGAAGGAGTCTGGGGCTGAGCTGGCAAGACCTGGGACTTCAGTGAGATTGTCCTGCAAGGCTTCTGGCTACATCTTTACTACCTACTGGGTGCAGTGGATAAAACAGAGGCCTGGACAGGGTCTGGAATGGATTGGGGCTATTTATCCTGGAGATGGTGATACTATCTACACTCAGAAGTTCAAGGGCAAGGCCACGTTGACTGCAGATAAATCCTCCAGCACAGCCTACATGGAAATCACCAGCTTGGCATCTGAGGACTCTGCGGTCTATTACTGTGCAATAGATGAATACTGGGGCCAAGGCACCACTCTCACAGTCTCCTC		H	2.1e-52	167.4	4	115	imgt	0	ASSS`QVQLKESGAELARPGTSVRLSCKASGYIFTTYWVQWIKQRPGQGLEWIGAIYPGDGDTIYTQKFKGKATLTADKSSSTAYMEITSLASEDSAVYYCAIDEYWGQGTTLTVS`S	1,2,3,4,5,6,7,8,9,10,11,12,13,14,15,16,17,18,19,20,21,22,23,24,25,26,27,28,29,30,31,32,33,34,35,36,37,38,39,40,41,42,43,44,45,46,47,48,49,50,51,52,53,54,55,56,57,58,59,60,61,62,63,64,65,66,67,68,69,70,71,72,73,74,75,76,77,78,79,80,81,82,83,84,85,86,87,88,89,90,91,92,93,94,95,96,97,98,99,100,101,102,103,104,105,106,107,108,109,110,111,112,113,114,115,116,117,118,119,120,121,122,123,124,125,126,127,128	Q,V,Q,L,K,E,S,G,A,-,E,L,A,R,P,G,T,S,V,R,L,S,C,K,A,S,G,Y,I,F,-,-,-,-,T,T,Y,W,V,Q,W,I,K,Q,R,P,G,Q,G,L,E,W,I,G,A,I,Y,P,G,-,-,D,G,D,T,I,Y,T,Q,K,F,K,-,G,K,A,T,L,T,A,D,K,S,S,S,T,A,Y,M,E,I,T,S,L,A,S,E,D,S,A,V,Y,Y,C,A,I,D,-,-,-,-,-,-,-,-,E,Y,W,G,Q,G,T,T,L,T,V,S,S
Psanger_114507	Psanger	None	N120A/9.1R	HC	1	100	1	Sanger	GCCTCAAGCAGTCAGATCCAGTTCGTGCAGTCTGGACCTGAGCTGAAGAAGCCTGGAGAGACAGTCAAGATCTCCTGCAAGGCCTCTGGTTATACCTTCACAGACTATTCAATGAACTGGGTGAAGCAGGCTCCAGGAAAGGGTTTAAAGTGGATGGGCTGGATAAACACTGAGACTGGTGAGCCAACATATGCAGATGACTTCAAGGGACGGTTTGCCTTCTCTTTGGAAACCTCTGCCAGCACTGCCTATTTGCAGATCAACAACCTCAAAAATGAGGACCCGGCTACATATTTCTGTTCTAGAGACCCCTTTGACTACTGGGGCCAAGGCACCACTCTCACAGTCTCCTC    		H	3.2e-52	166.9	4	117	imgt	0	ASSS`QIQFVQSGPELKKPGETVKISCKASGYTFTDYSMNWVKQAPGKGLKWMGWINTETGEPTYADDFKGRFAFSLETSASTAYLQINNLKNEDPATYFCSRDPFDYWGQGTTLTVS`S	1,2,3,4,5,6,7,8,9,10,11,12,13,14,15,16,17,18,19,20,21,22,23,24,25,26,27,28,29,30,31,32,33,34,35,36,37,38,39,40,41,42,43,44,45,46,47,48,49,50,51,52,53,54,55,56,57,58,59,60,61,62,63,64,65,66,67,68,69,70,71,72,73,74,75,76,77,78,79,80,81,82,83,84,85,86,87,88,89,90,91,92,93,94,95,96,97,98,99,100,101,102,103,104,105,106,107,108,109,110,111,112,113,114,115,116,117,118,119,120,121,122,123,124,125,126,127,128	Q,I,Q,F,V,Q,S,G,P,-,E,L,K,K,P,G,E,T,V,K,I,S,C,K,A,S,G,Y,T,F,-,-,-,-,T,D,Y,S,M,N,W,V,K,Q,A,P,G,K,G,L,K,W,M,G,W,I,N,T,E,-,-,T,G,E,P,T,Y,A,D,D,F,K,-,G,R,F,A,F,S,L,E,T,S,A,S,T,A,Y,L,Q,I,N,N,L,K,N,E,D,P,A,T,Y,F,C,S,R,D,P,-,-,-,-,-,-,F,D,Y,W,G,Q,G,T,T,L,T,V,S,S
Psanger_114529	Psanger	None	N127/31.1R	HC	1	100	1	Sanger	GCCTCAAGCAGTGAGGTGCAGCTTGAGGAGTCTGGAGGAGGCTTGGTGCAACCTGGAGGATCCATGAAACTCTCCTGTGTAGCCTCTGGATTTTCTTTCAGTAGCTACTGGATGTCTTGGGTCCGCCAGTCTCCAGAGAAGGGGCTTGAGTGGGTTGCTGAAATTAGATTGAAATCTGATAATTATGCAACACATTATGCGGAGTCTGTGAAAGGGAAGTTCACCATCTCAAGAGATGATTCCAAAAGTCGTCTCTACCTGCAAATGAACAGCTTACTAGCTGAAGACACTGGAATTTATTACTGTACCGCCGGGGGACCCTGGTTTGGTTACTGGGGCCAAGGGACTCTGGTCACTGTCTCTGCGGCGCGC		H	3.9e-55	176.3	4	121	imgt	0	ASSS`EVQLEESGGGLVQPGGSMKLSCVASGFSFSSYWMSWVRQSPEKGLEWVAEIRLKSDNYATHYAESVKGKFTISRDDSKSRLYLQMNSLLAEDTGIYYCTAGGPWFGYWGQGTLVTVS`AAR	1,2,3,4,5,6,7,8,9,10,11,12,13,14,15,16,17,18,19,20,21,22,23,24,25,26,27,28,29,30,31,32,33,34,35,36,37,38,39,40,41,42,43,44,45,46,47,48,49,50,51,52,53,54,55,56,57,58,59,60,61,62,63,64,65,66,67,68,69,70,71,72,73,74,75,76,77,78,79,80,81,82,83,84,85,86,87,88,89,90,91,92,93,94,95,96,97,98,99,100,101,102,103,104,105,106,107,108,109,110,111,112,113,114,115,116,117,118,119,120,121,122,123,124,125,126,127,128	E,V,Q,L,E,E,S,G,G,-,G,L,V,Q,P,G,G,S,M,K,L,S,C,V,A,S,G,F,S,F,-,-,-,-,S,S,Y,W,M,S,W,V,R,Q,S,P,E,K,G,L,E,W,V,A,E,I,R,L,K,S,D,N,Y,A,T,H,Y,A,E,S,V,K,-,G,K,F,T,I,S,R,D,D,S,K,S,R,L,Y,L,Q,M,N,S,L,L,A,E,D,T,G,I,Y,Y,C,T,A,G,G,P,-,-,-,-,W,F,G,Y,W,G,Q,G,T,L,V,T,V,S,A
Psanger_114519	Psanger	None	N133/21.2R	HC	1	100	1	Sanger	GCCTCAAGCAGTCAGGTGCAGCTGAAGCAGTCTGGACCTGAGCTGGTGAAGCCTGGGGCTTCAGTGAAGATACCCTGCAAGGCTTCTGGATACACATTCACTGACGACAACATGGACTGGGTGAAGCAGAGCCATGGAAAGAGCCTTGAGTGGATTGGAGATATTAATCCTAACAATGGTGGTACTATCTACAACCAGAAATTCAAGGGCAAGGCCACATTGACTGTAGACAAGTCCTCCAGTACAGCCTACATGGAGCTCCGCAGCCTGACATCTGAGGACACTGCAGTCTATTACTGTGCAAGAGGGAAACTCCCGTTTGCTTACTGGGGCCAAGGGACTCTGGTCACTGTCTCTGC		H	2.7e-57	183.3	4	119	imgt	0	ASSS`QVQLKQSGPELVKPGASVKIPCKASGYTFTDDNMDWVKQSHGKSLEWIGDINPNNGGTIYNQKFKGKATLTVDKSSSTAYMELRSLTSEDTAVYYCARGKLPFAYWGQGTLVTVS`A	1,2,3,4,5,6,7,8,9,10,11,12,13,14,15,16,17,18,19,20,21,22,23,24,25,26,27,28,29,30,31,32,33,34,35,36,37,38,39,40,41,42,43,44,45,46,47,48,49,50,51,52,53,54,55,56,57,58,59,60,61,62,63,64,65,66,67,68,69,70,71,72,73,74,75,76,77,78,79,80,81,82,83,84,85,86,87,88,89,90,91,92,93,94,95,96,97,98,99,100,101,102,103,104,105,106,107,108,109,110,111,112,113,114,115,116,117,118,119,120,121,122,123,124,125,126,127,128	Q,V,Q,L,K,Q,S,G,P,-,E,L,V,K,P,G,A,S,V,K,I,P,C,K,A,S,G,Y,T,F,-,-,-,-,T,D,D,N,M,D,W,V,K,Q,S,H,G,K,S,L,E,W,I,G,D,I,N,P,N,-,-,N,G,G,T,I,Y,N,Q,K,F,K,-,G,K,A,T,L,T,V,D,K,S,S,S,T,A,Y,M,E,L,R,S,L,T,S,E,D,T,A,V,Y,Y,C,A,R,G,K,L,-,-,-,-,P,F,A,Y,W,G,Q,G,T,L,V,T,V,S,A
Psanger_114527	Psanger	None	N135/37.2R	HC	1	100	1	Sanger	ATGAAGCTGCCTGTTCTGCTAGTGGTGCTGCTATTGTTCACGAGTCCAGCCTCAAGCAGTGAGGTGAAGCTTCTCGAGTCCGGTGGAGGATTGGTGCAGCCTAAAGGGTCATTGAAACTCTCATGTGCAGCCTCTGGATTTACCTTCAATACCAATGCCTTGAACTGGGTCCGCCAGGCTCCAGGAAGGGGTTTGGAATGGGTTGCTCGTATGAGAAGTAAAAGTAATAATTATGCAACATTTTATGCCGATTCAGTGAAAGACAGGTTCACCATCTCCAGAGATGATTCTCAAAGCATTCTCTATCTGCAAATGAACAACTTGAAAACTGAGGACTCAGCCATGTATTACTGTGTGAGAGAGTCGGGCTATGATTACTCCGCCTGGTTTGCTTACTGGGGCCAAGGGACTCTGGTCACTGTCTCTGCGGCGCGCCCAACA		H	1.3e-53	171.7	20	142	imgt	0	MKLPVLLVVLLLFTSPASSS`EVKLLESGGGLVQPKGSLKLSCAASGFTFNTNALNWVRQAPGRGLEWVARMRSKSNNYATFYADSVKDRFTISRDDSQSILYLQMNNLKTEDSAMYYCVRESGYDYSAWFAYWGQGTLVTVS`AARPT	1,2,3,4,5,6,7,8,9,10,11,12,13,14,15,16,17,18,19,20,21,22,23,24,25,26,27,28,29,30,31,32,33,34,35,36,37,38,39,40,41,42,43,44,45,46,47,48,49,50,51,52,53,54,55,56,57,58,59,60,61,62,63,64,65,66,67,68,69,70,71,72,73,74,75,76,77,78,79,80,81,82,83,84,85,86,87,88,89,90,91,92,93,94,95,96,97,98,99,100,101,102,103,104,105,106,107,108,109,110,111,112,112,113,114,115,116,117,118,119,120,121,122,123,124,125,126,127,128	E,V,K,L,L,E,S,G,G,-,G,L,V,Q,P,K,G,S,L,K,L,S,C,A,A,S,G,F,T,F,-,-,-,-,N,T,N,A,L,N,W,V,R,Q,A,P,G,R,G,L,E,W,V,A,R,M,R,S,K,S,N,N,Y,A,T,F,Y,A,D,S,V,K,-,D,R,F,T,I,S,R,D,D,S,Q,S,I,L,Y,L,Q,M,N,N,L,K,T,E,D,S,A,M,Y,Y,C,V,R,E,S,G,Y,D,A,S,A,W,F,A,Y,W,G,Q,G,T,L,V,T,V,S,A
Psanger_114521	Psanger	None	N147/6.1R	HC	1	100	1	Sanger	GCCTCAAGCAGTCAGGTGCAGCTGAAGCAGTCGGGGCCTGGCCTGGTGAGACCTTCTCAGTCTCTGTCCCTCACCTGCACTGTCACTGGCTACTCAATCACCAGTGATTATGCCTGGTACTGGATCCGGCAGTTTCCTGGAAACAAACTGGAGTGGATGGGCTACATAAGCTTCAGTGATAGCACTAGCTGCAACCCATCTCTCAAAAGTCGAGTCTCTATCACTCGAGACACATCCAAGAACCAGTTCTTCCTGCAGTTGAATTCTGTGACTACTGAGGACACAGCCACATATTACTGTTCAAGAAGGCGATACTACGGTAGTAGCTCGGGGTACTTCGATGTCTGGGGCGCAGGGACCACGGTCACCGTCTCCTC		H	7.4e-52	165.7	4	125	imgt	0	ASSS`QVQLKQSGPGLVRPSQSLSLTCTVTGYSITSDYAWYWIRQFPGNKLEWMGYISFSDSTSCNPSLKSRVSITRDTSKNQFFLQLNSVTTEDTATYYCSRRRYYGSSSGYFDVWGAGTTVTVS`S	1,2,3,4,5,6,7,8,9,10,11,12,13,14,15,16,17,18,19,20,21,22,23,24,25,26,27,28,29,30,31,32,33,34,35,36,37,38,39,40,41,42,43,44,45,46,47,48,49,50,51,52,53,54,55,56,57,58,59,60,61,62,63,64,65,66,67,68,69,70,71,72,73,74,75,76,77,78,79,80,81,82,83,84,85,86,87,88,89,90,91,92,93,94,95,96,97,98,99,100,101,102,103,104,105,106,107,108,109,110,111,111,112,112,113,114,115,116,117,118,119,120,121,122,123,124,125,126,127,128	Q,V,Q,L,K,Q,S,G,P,-,G,L,V,R,P,S,Q,S,L,S,L,T,C,T,V,T,G,Y,S,I,T,-,-,-,S,D,Y,A,W,Y,W,I,R,Q,F,P,G,N,K,L,E,W,M,G,Y,I,S,F,S,-,-,-,D,S,T,S,C,N,P,S,L,K,-,S,R,V,S,I,T,R,D,T,S,K,N,Q,F,F,L,Q,L,N,S,V,T,T,E,D,T,A,T,Y,Y,C,S,R,R,R,Y,Y,G,A,A,S,G,Y,F,D,V,W,G,A,G,T,T,V,T,V,S,S
Psanger_114540	Psanger	None	N149/25.1R	HC	1	100	1	Sanger	GCCTCAAGCAGTGAGGTCCAGCTCCAGCAGTCTGGACCTGAGCTGGTGAAGCCTGGGGCTTCAGTGAAGATATCCTGCAAGGCTTCTGGCTACACTTTCATAGACTACTATATAAACTGGGTGAAACAGAAGCCTGGGCAGGGACTTGAGTGGATTGGATGGATTTATCGTGGAAGCGGTTATATTAACTACAATGATAAATTCAAGGGCAAGGCCACATTGACTGTGGACACATCCTCCAGCACAGCCCACATGCAGCTCAGTAGCCTGACATCTGAAGACACTGCTGTCTATTTCTGTGCAAGTGGGAACTATGATTACGACTTTGCTTACTGGGGCCAAGGGACTCTGGTCACTGTCTCTGC        		H	1.7e-57	183.9	4	121	imgt	0	ASSS`EVQLQQSGPELVKPGASVKISCKASGYTFIDYYINWVKQKPGQGLEWIGWIYRGSGYINYNDKFKGKATLTVDTSSSTAHMQLSSLTSEDTAVYFCASGNYDYDFAYWGQGTLVTVS`A	1,2,3,4,5,6,7,8,9,10,11,12,13,14,15,16,17,18,19,20,21,22,23,24,25,26,27,28,29,30,31,32,33,34,35,36,37,38,39,40,41,42,43,44,45,46,47,48,49,50,51,52,53,54,55,56,57,58,59,60,61,62,63,64,65,66,67,68,69,70,71,72,73,74,75,76,77,78,79,80,81,82,83,84,85,86,87,88,89,90,91,92,93,94,95,96,97,98,99,100,101,102,103,104,105,106,107,108,109,110,111,112,113,114,115,116,117,118,119,120,121,122,123,124,125,126,127,128	E,V,Q,L,Q,Q,S,G,P,-,E,L,V,K,P,G,A,S,V,K,I,S,C,K,A,S,G,Y,T,F,-,-,-,-,I,D,Y,Y,I,N,W,V,K,Q,K,P,G,Q,G,L,E,W,I,G,W,I,Y,R,G,-,-,S,G,Y,I,N,Y,N,D,K,F,K,-,G,K,A,T,L,T,V,D,T,S,S,S,T,A,H,M,Q,L,S,S,L,T,S,E,D,T,A,V,Y,F,C,A,S,G,N,Y,D,-,-,Y,D,F,A,Y,W,G,Q,G,T,L,V,T,V,S,A
Psanger_114516	Psanger	None	N150/21.3R	HC	1	100	1	Sanger	GCCTCAAGCAGTCAGGTGCAGCTGAAGGAGTCTGGGGCTGAACTGGTGAGGCCTGGGGCTTCAGTGACGCTGTCCTGCAAGGCTTCGGGCTACACATTTACTGACTATGAAATGCACTGGGTGAAGCAGACACCTGTGCATGGCCTGGAATGGATTGGAGCTTTTGATCCTGAAACTGGTAATACTGCCTACAATCAGAAATTCAAGGACAAGGCCACACTGACTACAGACAAATCCTCCAGCACAACCTACATGGAGCTCCGCAGCCTGACATCTGAGGACTCTGCCGTCTATTCCTGTACAAGACATGTACGAGACTACTGGGGCCAAGGCACCACTCTCACAGTCTCCTC		H	1.6e-53	171.1	4	117	imgt	0	ASSS`QVQLKESGAELVRPGASVTLSCKASGYTFTDYEMHWVKQTPVHGLEWIGAFDPETGNTAYNQKFKDKATLTTDKSSSTTYMELRSLTSEDSAVYSCTRHVRDYWGQGTTLTVS`S	1,2,3,4,5,6,7,8,9,10,11,12,13,14,15,16,17,18,19,20,21,22,23,24,25,26,27,28,29,30,31,32,33,34,35,36,37,38,39,40,41,42,43,44,45,46,47,48,49,50,51,52,53,54,55,56,57,58,59,60,61,62,63,64,65,66,67,68,69,70,71,72,73,74,75,76,77,78,79,80,81,82,83,84,85,86,87,88,89,90,91,92,93,94,95,96,97,98,99,100,101,102,103,104,105,106,107,108,109,110,111,112,113,114,115,116,117,118,119,120,121,122,123,124,125,126,127,128	Q,V,Q,L,K,E,S,G,A,-,E,L,V,R,P,G,A,S,V,T,L,S,C,K,A,S,G,Y,T,F,-,-,-,-,T,D,Y,E,M,H,W,V,K,Q,T,P,V,H,G,L,E,W,I,G,A,F,D,P,E,-,-,T,G,N,T,A,Y,N,Q,K,F,K,-,D,K,A,T,L,T,T,D,K,S,S,S,T,T,Y,M,E,L,R,S,L,T,S,E,D,S,A,V,Y,S,C,T,R,H,V,-,-,-,-,-,-,R,D,Y,W,G,Q,G,T,T,L,T,V,S,S
Psanger_114515	Psanger	None	N151/3.3R	HC	1	100	1	Sanger	GCCTCAAGCAGTGAGGTGCAGCTGCAGCAGTCCGGACCTGAACTGGTGAAGCCTGGGGCTTCAGTGAGGATGTCCTGCAAGGCTTCTGGATACACATTCAGTGACTACTACATGAATTGGGTGAAGGAGAGCCATGGAAAGAGCCTTGAGTGGATTGGATGTTTTAATCCTAGCAATGGTGGTACTGCCTACAACCAAAAATTCAAGGGCAAGGCCACATTGACTGTAGACAAGTCCTCCACCACAGCCTACATGGAACTCCGCAGCCTGACATCTGAGGATTCTGCAGTCTATTACTGTGCCCCCTCCTTTGCTTATTGGGGCCAAGGGACTCTGGTCACTGTCTCTGC		H	1.2e-54	174.7	4	116	imgt	0	ASSS`EVQLQQSGPELVKPGASVRMSCKASGYTFSDYYMNWVKESHGKSLEWIGCFNPSNGGTAYNQKFKGKATLTVDKSSTTAYMELRSLTSEDSAVYYCAPSFAYWGQGTLVTVS`A	1,2,3,4,5,6,7,8,9,10,11,12,13,14,15,16,17,18,19,20,21,22,23,24,25,26,27,28,29,30,31,32,33,34,35,36,37,38,39,40,41,42,43,44,45,46,47,48,49,50,51,52,53,54,55,56,57,58,59,60,61,62,63,64,65,66,67,68,69,70,71,72,73,74,75,76,77,78,79,80,81,82,83,84,85,86,87,88,89,90,91,92,93,94,95,96,97,98,99,100,101,102,103,104,105,106,107,108,109,110,111,112,113,114,115,116,117,118,119,120,121,122,123,124,125,126,127,128	E,V,Q,L,Q,Q,S,G,P,-,E,L,V,K,P,G,A,S,V,R,M,S,C,K,A,S,G,Y,T,F,-,-,-,-,S,D,Y,Y,M,N,W,V,K,E,S,H,G,K,S,L,E,W,I,G,C,F,N,P,S,-,-,N,G,G,T,A,Y,N,Q,K,F,K,-,G,K,A,T,L,T,V,D,K,S,S,T,T,A,Y,M,E,L,R,S,L,T,S,E,D,S,A,V,Y,Y,C,A,P,S,-,-,-,-,-,-,-,F,A,Y,W,G,Q,G,T,L,V,T,V,S,A
Psanger_114547	Psanger	None	N153/5.1R	HC	1	100	1	Sanger	GCCTCAAGCAGTCAGGTTCAGCTGCAGCAGTCTGGGACTGTGCTGGCAAGGCCTGGGGCTTCCGTGAAGATGTCCTGCAAGGCTTCTGGCTACAGCTTTACCAGCTACTGGATGCACTGGGTAAAACAGAGGCCTGGACAGGGTCTAGAGTGGATTGGTGCTATTTATCCTGGAAATAGTGATACTAGGAACAACCAGAAGTTCAAGGGCAAGGCCAAACTGACTACAGTCACATCCGCCAGCACTGCCTACATGGAGCTCAGCAGCCTGACAAATGAGGACTCTGCGGTCTATTACTGTACAAGAGAGGTACGACGTGGCTTTGACTACTGGGGCCAAGGCACCACTCTCACAGTCTCCTC		H	2.8e-55	176.8	4	120	imgt	0	ASSS`QVQLQQSGTVLARPGASVKMSCKASGYSFTSYWMHWVKQRPGQGLEWIGAIYPGNSDTRNNQKFKGKAKLTTVTSASTAYMELSSLTNEDSAVYYCTREVRRGFDYWGQGTTLTVS`S	1,2,3,4,5,6,7,8,9,10,11,12,13,14,15,16,17,18,19,20,21,22,23,24,25,26,27,28,29,30,31,32,33,34,35,36,37,38,39,40,41,42,43,44,45,46,47,48,49,50,51,52,53,54,55,56,57,58,59,60,61,62,63,64,65,66,67,68,69,70,71,72,73,74,75,76,77,78,79,80,81,82,83,84,85,86,87,88,89,90,91,92,93,94,95,96,97,98,99,100,101,102,103,104,105,106,107,108,109,110,111,112,113,114,115,116,117,118,119,120,121,122,123,124,125,126,127,128	Q,V,Q,L,Q,Q,S,G,T,-,V,L,A,R,P,G,A,S,V,K,M,S,C,K,A,S,G,Y,S,F,-,-,-,-,T,S,Y,W,M,H,W,V,K,Q,R,P,G,Q,G,L,E,W,I,G,A,I,Y,P,G,-,-,N,S,D,T,R,N,N,Q,K,F,K,-,G,K,A,K,L,T,T,V,T,S,A,S,T,A,Y,M,E,L,S,S,L,T,N,E,D,S,A,V,Y,Y,C,T,R,E,V,R,-,-,-,R,G,F,D,Y,W,G,Q,G,T,T,L,T,V,S,S
Psanger_114542	Psanger	None	N164/6.1R	HC	1	100	1	Sanger	GCCTCAAGCAGTGAGGTTCAGCTGCAGCAGTCAGGACCTGGCCTGGTGGCGCCCTCACAGAGCCTGTCCATCACTTGCACTGTCTCTGAGTTTTCATTAACCACCTATGGTGTTCACTGGGTTCGCCAGCCTCCAGGAAAGGGTCTGGAGTGGCTGGGAGTGATATGGGCTGGTGGAAACACAAATTATAATTCGGCTCTCATGTCCAGACTGAGAATCAGCAAAGACAACTCCAAGAGCCAAGTTTTCTTAAAAATGAACAGTCTGGAAACTGATGACACAGCCATGTACTACTGTGCCAGAGGCTACAATGATTACGACTGGTTTGCTTACTGGGGCCAAGGGACTCTGGTCACTGTCTCTGC		H	5.6e-55	175.8	4	121	imgt	0	ASSS`EVQLQQSGPGLVAPSQSLSITCTVSEFSLTTYGVHWVRQPPGKGLEWLGVIWAGGNTNYNSALMSRLRISKDNSKSQVFLKMNSLETDDTAMYYCARGYNDYDWFAYWGQGTLVTVS`A	1,2,3,4,5,6,7,8,9,10,11,12,13,14,15,16,17,18,19,20,21,22,23,24,25,26,27,28,29,30,31,32,33,34,35,36,37,38,39,40,41,42,43,44,45,46,47,48,49,50,51,52,53,54,55,56,57,58,59,60,61,62,63,64,65,66,67,68,69,70,71,72,73,74,75,76,77,78,79,80,81,82,83,84,85,86,87,88,89,90,91,92,93,94,95,96,97,98,99,100,101,102,103,104,105,106,107,108,109,110,111,112,113,114,115,116,117,118,119,120,121,122,123,124,125,126,127,128	E,V,Q,L,Q,Q,S,G,P,-,G,L,V,A,P,S,Q,S,L,S,I,T,C,T,V,S,E,F,S,L,-,-,-,-,T,T,Y,G,V,H,W,V,R,Q,P,P,G,K,G,L,E,W,L,G,V,I,W,A,G,-,-,-,G,N,T,N,Y,N,S,A,L,M,-,S,R,L,R,I,S,K,D,N,S,K,S,Q,V,F,L,K,M,N,S,L,E,T,D,D,T,A,M,Y,Y,C,A,R,G,Y,N,D,-,Y,D,W,F,A,Y,W,G,Q,G,T,L,V,T,V,S,A
Psanger_114505	Psanger	None	N168/6.3R	HC	1	100	1	Sanger	GCCTCAAGCAGTCAGGTGCAGATGAAGGAGTCGGGACCTGGCCTAGTGAAACCTTCTCAGTCTCTGTCCCTCACCTGCACTGTCACTGGCTACTCAATCACCAGTGATTATGCCTGGAACTGGATCCGGCAGTTTCCAGGATACACACTGGAGTGGATGGGCTACATAACCTACAGTGGTAGCACTAGCTACAGCCCATCTCTCAAAAGTCGAATCTCTATCACTCGAGATACATCCAAGAACCAGTTCTTCCTCCAGTTGAATTCTGTGACTTCTGAAGACACAGCCACATATTACTGTGCAAGAGGAAGTTTTGACTACTGGGGCCAAGGCACCACTCTCACAGTCTCCTC		H	9.1e-54	172.2	4	117	imgt	0	ASSS`QVQMKESGPGLVKPSQSLSLTCTVTGYSITSDYAWNWIRQFPGYTLEWMGYITYSGSTSYSPSLKSRISITRDTSKNQFFLQLNSVTSEDTATYYCARGSFDYWGQGTTLTVS`S	1,2,3,4,5,6,7,8,9,10,11,12,13,14,15,16,17,18,19,20,21,22,23,24,25,26,27,28,29,30,31,32,33,34,35,36,37,38,39,40,41,42,43,44,45,46,47,48,49,50,51,52,53,54,55,56,57,58,59,60,61,62,63,64,65,66,67,68,69,70,71,72,73,74,75,76,77,78,79,80,81,82,83,84,85,86,87,88,89,90,91,92,93,94,95,96,97,98,99,100,101,102,103,104,105,106,107,108,109,110,111,112,113,114,115,116,117,118,119,120,121,122,123,124,125,126,127,128	Q,V,Q,M,K,E,S,G,P,-,G,L,V,K,P,S,Q,S,L,S,L,T,C,T,V,T,G,Y,S,I,T,-,-,-,S,D,Y,A,W,N,W,I,R,Q,F,P,G,Y,T,L,E,W,M,G,Y,I,T,Y,S,-,-,-,G,S,T,S,Y,S,P,S,L,K,-,S,R,I,S,I,T,R,D,T,S,K,N,Q,F,F,L,Q,L,N,S,V,T,S,E,D,T,A,T,Y,Y,C,A,R,G,S,-,-,-,-,-,-,F,D,Y,W,G,Q,G,T,T,L,T,V,S,S
Psanger_114511	Psanger	None	N16B/8R	HC	1	100	1	Sanger	GCCTCAAGCAGTCAGGTGCAGCTGAAGGAGTCTGGACCTGAGCTGGTGAAGCCTGGGGCTTCAGTGAAGATTTCCTGCAAGACTTCTGGATACACATTCACTGAATACACCATGCACTGGGTGAACCAGAGCCATGGAAAGAACCTTGAGTGGATTGGAAGTATTAATCCTAATAGTGGTGGTACTACCTACAACCAGAAGTTCAAAGACAAGGCCGCATTGACTGTTGACAAGTCCTCCAACACAGCCTACATGGAGCTCCGCAGCCTGACATCTGAGGATTCTGCAGTCTATTACTGTGCTAGATCTTTCTATGATGGTTACTCCTGGTTTGCTTACTGGGGCCAAGGGACCACGGTCACCGTCTCCTC		H	1.1e-58	187.8	4	123	imgt	0	ASSS`QVQLKESGPELVKPGASVKISCKTSGYTFTEYTMHWVNQSHGKNLEWIGSINPNSGGTTYNQKFKDKAALTVDKSSNTAYMELRSLTSEDSAVYYCARSFYDGYSWFAYWGQGTTVTVS`S	1,2,3,4,5,6,7,8,9,10,11,12,13,14,15,16,17,18,19,20,21,22,23,24,25,26,27,28,29,30,31,32,33,34,35,36,37,38,39,40,41,42,43,44,45,46,47,48,49,50,51,52,53,54,55,56,57,58,59,60,61,62,63,64,65,66,67,68,69,70,71,72,73,74,75,76,77,78,79,80,81,82,83,84,85,86,87,88,89,90,91,92,93,94,95,96,97,98,99,100,101,102,103,104,105,106,107,108,109,110,111,112,113,114,115,116,117,118,119,120,121,122,123,124,125,126,127,128	Q,V,Q,L,K,E,S,G,P,-,E,L,V,K,P,G,A,S,V,K,I,S,C,K,T,S,G,Y,T,F,-,-,-,-,T,E,Y,T,M,H,W,V,N,Q,S,H,G,K,N,L,E,W,I,G,S,I,N,P,N,-,-,S,G,G,T,T,Y,N,Q,K,F,K,-,D,K,A,A,L,T,V,D,K,S,S,N,T,A,Y,M,E,L,R,S,L,T,S,E,D,S,A,V,Y,Y,C,A,R,S,F,Y,D,G,Y,S,W,F,A,Y,W,G,Q,G,T,T,V,T,V,S,S
Psanger_114530	Psanger	None	N170A/1.1R	HC	1	100	1	Sanger	ATGAAGCTGCCTGTTCTGCTAGTGGTGCTGCTATTGTTCACGAGTCCAGCCTCAAGCAGTGAGTTTCAGCTTCAGCAGTCTGGACCTGAGCTGGTGAAGCCTGGGGCTTCAGTGAAGATGTCCTGCAAGGCTTCTGGATACACATTCACTGACTATGTTATAACCTGGGTGAAACAGAGAACTGGGCAGGGCCTTGAGTGGATTGGAGAGATTTATCCTGGAAGTGGTAATACTTACTACAATGAGAAGTTCAAGGGCAAGGCCACACTGACTGCAGACACATCCTCCAACACAGCCTACATGCAGCTCAGCAGCCTGACATTTGAGGACTCTGCGGTCTATTTCTGTGCAAGACTAGGAGGTACTAGCCTCTATTACTATGTTATGGACTACTGGGGTCAAGGAACCTCAGTCACCGTCTCCTCGGCGCGCCCAACA		H	2.3e-57	183.5	20	141	imgt	0	MKLPVLLVVLLLFTSPASSS`EFQLQQSGPELVKPGASVKMSCKASGYTFTDYVITWVKQRTGQGLEWIGEIYPGSGNTYYNEKFKGKATLTADTSSNTAYMQLSSLTFEDSAVYFCARLGGTSLYYYVMDYWGQGTSVTVS`SARPT	1,2,3,4,5,6,7,8,9,10,11,12,13,14,15,16,17,18,19,20,21,22,23,24,25,26,27,28,29,30,31,32,33,34,35,36,37,38,39,40,41,42,43,44,45,46,47,48,49,50,51,52,53,54,55,56,57,58,59,60,61,62,63,64,65,66,67,68,69,70,71,72,73,74,75,76,77,78,79,80,81,82,83,84,85,86,87,88,89,90,91,92,93,94,95,96,97,98,99,100,101,102,103,104,105,106,107,108,109,110,111,111,112,112,113,114,115,116,117,118,119,120,121,122,123,124,125,126,127,128	E,F,Q,L,Q,Q,S,G,P,-,E,L,V,K,P,G,A,S,V,K,M,S,C,K,A,S,G,Y,T,F,-,-,-,-,T,D,Y,V,I,T,W,V,K,Q,R,T,G,Q,G,L,E,W,I,G,E,I,Y,P,G,-,-,S,G,N,T,Y,Y,N,E,K,F,K,-,G,K,A,T,L,T,A,D,T,S,S,N,T,A,Y,M,Q,L,S,S,L,T,F,E,D,S,A,V,Y,F,C,A,R,L,G,G,T,S,A,A,Y,Y,V,M,D,Y,W,G,Q,G,T,S,V,T,V,S,S
Psanger_114551	Psanger	None	N171/17.4R	HC	1	100	1	Sanger	GCCTCAAGCAGTGAGATCCAGCTGCAACAGTCTGGGGCAGAGCTTGTGAAGCCAGGGGCCTCAGTCAAGTTGTCCTGCACAGCTTCTGGCTTCAACATTAAAGACACCTATATGCACTGGGTGAAGCAGAGGCCTGAACAGGGCCTGGAGTGGATTGGAAGAATTGGTCCTGCGAATGGTAATACTAAATATGACCCGAAGTTCCAGGGCAGGGCCACTATAACAGCAGACACATCCTCCAACACAGCCTACCTGCAGCTCAGCAGCCTGACATCTGAGGACACTGCCGTCTATTACTGTGCTTCTATTACTTCGGTTCTTGACTACTGGGGCCAAGGCACCACTCTCACAGTCTCCTCGGCGCGCC		H	4.2e-57	182.6	4	119	imgt	0	ASSS`EIQLQQSGAELVKPGASVKLSCTASGFNIKDTYMHWVKQRPEQGLEWIGRIGPANGNTKYDPKFQGRATITADTSSNTAYLQLSSLTSEDTAVYYCASITSVLDYWGQGTTLTVS`SAR	1,2,3,4,5,6,7,8,9,10,11,12,13,14,15,16,17,18,19,20,21,22,23,24,25,26,27,28,29,30,31,32,33,34,35,36,37,38,39,40,41,42,43,44,45,46,47,48,49,50,51,52,53,54,55,56,57,58,59,60,61,62,63,64,65,66,67,68,69,70,71,72,73,74,75,76,77,78,79,80,81,82,83,84,85,86,87,88,89,90,91,92,93,94,95,96,97,98,99,100,101,102,103,104,105,106,107,108,109,110,111,112,113,114,115,116,117,118,119,120,121,122,123,124,125,126,127,128	E,I,Q,L,Q,Q,S,G,A,-,E,L,V,K,P,G,A,S,V,K,L,S,C,T,A,S,G,F,N,I,-,-,-,-,K,D,T,Y,M,H,W,V,K,Q,R,P,E,Q,G,L,E,W,I,G,R,I,G,P,A,-,-,N,G,N,T,K,Y,D,P,K,F,Q,-,G,R,A,T,I,T,A,D,T,S,S,N,T,A,Y,L,Q,L,S,S,L,T,S,E,D,T,A,V,Y,Y,C,A,S,I,T,S,-,-,-,-,V,L,D,Y,W,G,Q,G,T,T,L,T,V,S,S
Psanger_114560	Psanger	None	N176A/35.1R	HC	1	100	1	Sanger	GCCTCAAGCAGTGAGTTTCAGCTGCAGCAGTCTGGGGCTGAGCTGGTGAGGCCTGGGTCCTCAGTGACGATTTCCTGCAAGGCTTCTGGCTATGCATTCATGCTCTACTGGATGAACTGGGTGAAACAGAGGCCTGGACAGGGTCTTGAGTGGATTGGACAGATTTTTCCTGGAGATGGTGATAGTAAGTTCAATGGAAACTTCAAGGGTAAAGTCACACTGACTGCAGACAAATCTTCCAGTACAGCCTACATGCAGCTCAGCAGCCTAACATCTGAGGACTCTGCGGTCTACTTCTGTACAAGACGCGGGCCCTTTGACTACTGGGGCCAAGGCACCACTCTCACAGTCTCCTC		H	1.6e-55	177.5	4	118	imgt	0	ASSS`EFQLQQSGAELVRPGSSVTISCKASGYAFMLYWMNWVKQRPGQGLEWIGQIFPGDGDSKFNGNFKGKVTLTADKSSSTAYMQLSSLTSEDSAVYFCTRRGPFDYWGQGTTLTVS`S	1,2,3,4,5,6,7,8,9,10,11,12,13,14,15,16,17,18,19,20,21,22,23,24,25,26,27,28,29,30,31,32,33,34,35,36,37,38,39,40,41,42,43,44,45,46,47,48,49,50,51,52,53,54,55,56,57,58,59,60,61,62,63,64,65,66,67,68,69,70,71,72,73,74,75,76,77,78,79,80,81,82,83,84,85,86,87,88,89,90,91,92,93,94,95,96,97,98,99,100,101,102,103,104,105,106,107,108,109,110,111,112,113,114,115,116,117,118,119,120,121,122,123,124,125,126,127,128	E,F,Q,L,Q,Q,S,G,A,-,E,L,V,R,P,G,S,S,V,T,I,S,C,K,A,S,G,Y,A,F,-,-,-,-,M,L,Y,W,M,N,W,V,K,Q,R,P,G,Q,G,L,E,W,I,G,Q,I,F,P,G,-,-,D,G,D,S,K,F,N,G,N,F,K,-,G,K,V,T,L,T,A,D,K,S,S,S,T,A,Y,M,Q,L,S,S,L,T,S,E,D,S,A,V,Y,F,C,T,R,R,G,-,-,-,-,-,P,F,D,Y,W,G,Q,G,T,T,L,T,V,S,S
Psanger_114520	Psanger	None	N178A/9.1R	HC	1	100	1	Sanger	GCCTCAAGCAGTGAGGTGCAGCTGCAGCAGTCTGGGGCTGAGCTGGTGAGGCCTGGGGCTTCAGTGAAGCTGTCCTGCAAGGCCTTGGGCTACAAGTTTACTGACTCTGAAATTCACTGGGTGAAGCAGACACCTGTGTATGGCCTGGAATGGATTGGAGCTGTTCGTCCAGGAAGTGATGGTATTGCCGACAATCAGAAGTTCGAGGGCAAGGCCACACTGACTGCAGACAAAATTTCCAGCACAGTCTACATGGAGCTCAGCAGCCTGACATCTGAGGACTCTGGTGTCTATTACTGTACAAGATTTGACTACTGGGGCCAAGGCACCACTCTCACAGTCTCCTC		H	1.2e-50	161.8	4	115	imgt	0	ASSS`EVQLQQSGAELVRPGASVKLSCKALGYKFTDSEIHWVKQTPVYGLEWIGAVRPGSDGIADNQKFEGKATLTADKISSTVYMELSSLTSEDSGVYYCTRFDYWGQGTTLTVS`S	1,2,3,4,5,6,7,8,9,10,11,12,13,14,15,16,17,18,19,20,21,22,23,24,25,26,27,28,29,30,31,32,33,34,35,36,37,38,39,40,41,42,43,44,45,46,47,48,49,50,51,52,53,54,55,56,57,58,59,60,61,62,63,64,65,66,67,68,69,70,71,72,73,74,75,76,77,78,79,80,81,82,83,84,85,86,87,88,89,90,91,92,93,94,95,96,97,98,99,100,101,102,103,104,105,106,107,108,109,110,111,112,113,114,115,116,117,118,119,120,121,122,123,124,125,126,127,128	E,V,Q,L,Q,Q,S,G,A,-,E,L,V,R,P,G,A,S,V,K,L,S,C,K,A,L,G,Y,K,F,-,-,-,-,T,D,S,E,I,H,W,V,K,Q,T,P,V,Y,G,L,E,W,I,G,A,V,R,P,G,-,-,S,D,G,I,A,D,N,Q,K,F,E,-,G,K,A,T,L,T,A,D,K,I,S,S,T,V,Y,M,E,L,S,S,L,T,S,E,D,S,G,V,Y,Y,C,T,R,F,-,-,-,-,-,-,-,-,D,Y,W,G,Q,G,T,T,L,T,V,S,S
Psanger_114561	Psanger	None	N182/17.1R	HC	1	100	1	Sanger	GCCTCAAGCAGTGAGGTGCAGCTGGTGGAGTCTGGAGGAGGCTTGGAACAGCCTGGGGGTTCTCTGAGACTCTCCTGTGCAACTTCTGGGTTCACCTTCAGTGATTACTACATGAGTTGGGTCCGCCAGCCTCCAGGAAAGGCACTTGAGTGGTTGGGTTTTACTAGAAACAAAGCTAATGGTTACACAACAGAATACAGTGCATCTGTGAGGGGTCGGTTCACCATCTCCAGAGATAATTCCCAAAGCATCCTCTATCTTCAACTGAACACCCTGAGAACTGAGGACAGTGCCACTTATTTCTGTGCAAGAGAAGGGGATCTTCTATGGGGTACCTGGTTTGCTTACTGGGGCCAAGGGACTCTGGTCACTGTCTCTGC        		H	1.4e-54	174.6	4	126	imgt	0	ASSS`EVQLVESGGGLEQPGGSLRLSCATSGFTFSDYYMSWVRQPPGKALEWLGFTRNKANGYTTEYSASVRGRFTISRDNSQSILYLQLNTLRTEDSATYFCAREGDLLWGTWFAYWGQGTLVTVS`A	1,2,3,4,5,6,7,8,9,10,11,12,13,14,15,16,17,18,19,20,21,22,23,24,25,26,27,28,29,30,31,32,33,34,35,36,37,38,39,40,41,42,43,44,45,46,47,48,49,50,51,52,53,54,55,56,57,58,59,60,61,62,63,64,65,66,67,68,69,70,71,72,73,74,75,76,77,78,79,80,81,82,83,84,85,86,87,88,89,90,91,92,93,94,95,96,97,98,99,100,101,102,103,104,105,106,107,108,109,110,111,112,112,113,114,115,116,117,118,119,120,121,122,123,124,125,126,127,128	E,V,Q,L,V,E,S,G,G,-,G,L,E,Q,P,G,G,S,L,R,L,S,C,A,T,S,G,F,T,F,-,-,-,-,S,D,Y,Y,M,S,W,V,R,Q,P,P,G,K,A,L,E,W,L,G,F,T,R,N,K,A,N,G,Y,T,T,E,Y,S,A,S,V,R,-,G,R,F,T,I,S,R,D,N,S,Q,S,I,L,Y,L,Q,L,N,T,L,R,T,E,D,S,A,T,Y,F,C,A,R,E,G,D,L,L,A,G,T,W,F,A,Y,W,G,Q,G,T,L,V,T,V,S,A
Psanger_114481	Psanger	None	N195A/16R	HC	1	100	1	Sanger	GCCTCAAGCAGTCAGGTGCAGCTGGTGGAGTCTGGGGCTGAGGTGGTAAGGCCTGGGACTTCAGTGAAGATGTCCTGCAAGGCTTCTGGATACGCCTTCACTAGTCTCTGGCTAGGTTGGATAAAGCAGAGGCCTGGACATGGACTTGAATGGATTGGAGATATTCATCCTGGAAGTGGTAATACTAATTATAATGATAAATTCAAGGTCAAAGCCACAGTGACTGCAGACAAATCGTCGAACACAGCCTATATGCAGCTCAGTGGTCTGACATCTGAGGACTCTGCTGTCTATTTCTGTGCAAGACACGATAGGACAGGGGCCTGGTTTGGTTATTGGGGCCAAGGCACCACTCTCACAGTCTCCTC		H	3.2e-55	176.6	4	122	imgt	0	ASSS`QVQLVESGAEVVRPGTSVKMSCKASGYAFTSLWLGWIKQRPGHGLEWIGDIHPGSGNTNYNDKFKVKATVTADKSSNTAYMQLSGLTSEDSAVYFCARHDRTGAWFGYWGQGTTLTVS`S	1,2,3,4,5,6,7,8,9,10,11,12,13,14,15,16,17,18,19,20,21,22,23,24,25,26,27,28,29,30,31,32,33,34,35,36,37,38,39,40,41,42,43,44,45,46,47,48,49,50,51,52,53,54,55,56,57,58,59,60,61,62,63,64,65,66,67,68,69,70,71,72,73,74,75,76,77,78,79,80,81,82,83,84,85,86,87,88,89,90,91,92,93,94,95,96,97,98,99,100,101,102,103,104,105,106,107,108,109,110,111,112,113,114,115,116,117,118,119,120,121,122,123,124,125,126,127,128	Q,V,Q,L,V,E,S,G,A,-,E,V,V,R,P,G,T,S,V,K,M,S,C,K,A,S,G,Y,A,F,-,-,-,-,T,S,L,W,L,G,W,I,K,Q,R,P,G,H,G,L,E,W,I,G,D,I,H,P,G,-,-,S,G,N,T,N,Y,N,D,K,F,K,-,V,K,A,T,V,T,A,D,K,S,S,N,T,A,Y,M,Q,L,S,G,L,T,S,E,D,S,A,V,Y,F,C,A,R,H,D,R,T,-,G,A,W,F,G,Y,W,G,Q,G,T,T,L,T,V,S,S
Psanger_114475	Psanger	None	N196/16R	HC	1	100	1	Sanger	GCCTCAAGCAGTGAAGTGAAGCTGATGGAATCTGGTGGAGGTTTGGTGCAGCCTAAAGGGTCATTGAAACTCTCATGTGCAGCCTCTGGATTCACCTTCAATACCTACGCCATGAACTGGGTCCGCCAGGCTCCAGGAAAGGGTTTGGAGTGGGTTGCTCGCATAAGAAGTAAAAGTAATAATTATGCAACATATTATGCCGATTCAGTGAAAGACAGGTTCACCATCTCCAGAGATGATTCACAAAACATGTTCTATCTGCAAATGAACAACTTGAAAACTGAGGACACAGCCATTTATTACTGTGTGAGCGGGGACTTCTGGGGCCAAGGCACCACTCTCACAGTCTCCTC		H	6.3e-56	179.1	4	117	imgt	0	ASSS`EVKLMESGGGLVQPKGSLKLSCAASGFTFNTYAMNWVRQAPGKGLEWVARIRSKSNNYATYYADSVKDRFTISRDDSQNMFYLQMNNLKTEDTAIYYCVSGDFWGQGTTLTVS`S	1,2,3,4,5,6,7,8,9,10,11,12,13,14,15,16,17,18,19,20,21,22,23,24,25,26,27,28,29,30,31,32,33,34,35,36,37,38,39,40,41,42,43,44,45,46,47,48,49,50,51,52,53,54,55,56,57,58,59,60,61,62,63,64,65,66,67,68,69,70,71,72,73,74,75,76,77,78,79,80,81,82,83,84,85,86,87,88,89,90,91,92,93,94,95,96,97,98,99,100,101,102,103,104,105,106,107,108,109,110,111,112,113,114,115,116,117,118,119,120,121,122,123,124,125,126,127,128	E,V,K,L,M,E,S,G,G,-,G,L,V,Q,P,K,G,S,L,K,L,S,C,A,A,S,G,F,T,F,-,-,-,-,N,T,Y,A,M,N,W,V,R,Q,A,P,G,K,G,L,E,W,V,A,R,I,R,S,K,S,N,N,Y,A,T,Y,Y,A,D,S,V,K,-,D,R,F,T,I,S,R,D,D,S,Q,N,M,F,Y,L,Q,M,N,N,L,K,T,E,D,T,A,I,Y,Y,C,V,S,G,-,-,-,-,-,-,-,-,D,F,W,G,Q,G,T,T,L,T,V,S,S
Psanger_114541	Psanger	None	N2/16R	HC	1	100	1	Sanger	GCCTCAAGCAGTCAGGTCGAGCTGCAGCAGTCTGGACCTGAGCTGAAGAAGCCTGGAGAGACAGTCAAGATCTCCTGCAAGGCTTCTGGTTATACCTTCACAGACTATTCAATACACTGGGTGAAGCAGGCTCCAGGAAAGGGTTTAAAGTGGATGGGCTGGATAAACACTGAGACTGGTGAGCCAACATATGCAGATGACTTCAAGGGACGGTTTGCCTTCTCTTTGGAAACCTCTGCCAGCACTGCCTATCTGCAGATCAACAACCTCGAAAATGAGGACACGGCTACATATTTCTGTGACTGCTGGGACATTGCTTACTGGGGCCAAGGGACTCTGGTCACTGTCTCTGC		H	1.6e-50	161.4	4	117	imgt	0	ASSS`QVELQQSGPELKKPGETVKISCKASGYTFTDYSIHWVKQAPGKGLKWMGWINTETGEPTYADDFKGRFAFSLETSASTAYLQINNLENEDTATYFCDCWDIAYWGQGTLVTVS`A	1,2,3,4,5,6,7,8,9,10,11,12,13,14,15,16,17,18,19,20,21,22,23,24,25,26,27,28,29,30,31,32,33,34,35,36,37,38,39,40,41,42,43,44,45,46,47,48,49,50,51,52,53,54,55,56,57,58,59,60,61,62,63,64,65,66,67,68,69,70,71,72,73,74,75,76,77,78,79,80,81,82,83,84,85,86,87,88,89,90,91,92,93,94,95,96,97,98,99,100,101,102,103,104,105,106,107,108,109,110,111,112,113,114,115,116,117,118,119,120,121,122,123,124,125,126,127,128	Q,V,E,L,Q,Q,S,G,P,-,E,L,K,K,P,G,E,T,V,K,I,S,C,K,A,S,G,Y,T,F,-,-,-,-,T,D,Y,S,I,H,W,V,K,Q,A,P,G,K,G,L,K,W,M,G,W,I,N,T,E,-,-,T,G,E,P,T,Y,A,D,D,F,K,-,G,R,F,A,F,S,L,E,T,S,A,S,T,A,Y,L,Q,I,N,N,L,E,N,E,D,T,A,T,Y,F,C,D,C,W,D,-,-,-,-,-,-,I,A,Y,W,G,Q,G,T,L,V,T,V,S,A
Psanger_128636	Psanger	None	N205B/22R	HC	1	100	1	Sanger	ATGAAGCTGCCTGTTCTGCTAGTGGTGCTGCTATTGTTCACGAGTCCAGCCTCAAGCAGTGAGGTGCAGCTTGTTGAGTCGGGACCTGGCCTGGTGGAGCCTTCTCAGTCTCTCTTCCTCACCTGCACTGTCACTGGCTACTCAATCACCGGTGATTATGCCTGGAACTGGATCCGGCAGTTTCCAGGAAACAAACTGGAGTGGATGGGCTTCATAAACTACAGTGGTGCCACTTGGTACAACCCCTCTCTCCAAAGTCGAATCTCTATCAGTCGAGACACATCCAAGAACCAGTTCTTCCTGCAGTTGAATTCTGTGACAACTGAGGACACAGCCACATATTACTGTGCAAGTTACTATGATTACGCCGGTTACTTCGATGCCTGGGGCGCGGGGACCACGGTCACCGTCTCCTCGGCGCGCCCAACA		H	1e-52	168.8	20	138	imgt	0	MKLPVLLVVLLLFTSPASSS`EVQLVESGPGLVEPSQSLFLTCTVTGYSITGDYAWNWIRQFPGNKLEWMGFINYSGATWYNPSLQSRISISRDTSKNQFFLQLNSVTTEDTATYYCASYYDYAGYFDAWGAGTTVTVS`SARPT	1,2,3,4,5,6,7,8,9,10,11,12,13,14,15,16,17,18,19,20,21,22,23,24,25,26,27,28,29,30,31,32,33,34,35,36,37,38,39,40,41,42,43,44,45,46,47,48,49,50,51,52,53,54,55,56,57,58,59,60,61,62,63,64,65,66,67,68,69,70,71,72,73,74,75,76,77,78,79,80,81,82,83,84,85,86,87,88,89,90,91,92,93,94,95,96,97,98,99,100,101,102,103,104,105,106,107,108,109,110,111,112,113,114,115,116,117,118,119,120,121,122,123,124,125,126,127,128	E,V,Q,L,V,E,S,G,P,-,G,L,V,E,P,S,Q,S,L,F,L,T,C,T,V,T,G,Y,S,I,T,-,-,-,G,D,Y,A,W,N,W,I,R,Q,F,P,G,N,K,L,E,W,M,G,F,I,N,Y,S,-,-,-,G,A,T,W,Y,N,P,S,L,Q,-,S,R,I,S,I,S,R,D,T,S,K,N,Q,F,F,L,Q,L,N,S,V,T,T,E,D,T,A,T,Y,Y,C,A,S,Y,Y,D,Y,-,A,G,Y,F,D,A,W,G,A,G,T,T,V,T,V,S,S
Psanger_114536	Psanger	None	N206B/9R	HC	1	100	1	Sanger	ATGAAGCTGCCTGTTCTGCTAGTGGTGCTGCTATTGTTCACGAGTCCAGCCTCAAGCAGTGAGGTCCAGCTGGTGGAGTCTGGGGGAGGCTTAGTGAGGCCTGGAGGGTCCCTGAAACTCTCCTGTGCAGCCTCTGGATTCACTTTCAGTGACTATTACATGTATTGGGTTCGCCAGACTCCGGAAAAGAGGCTGGAGTGGGTCGCAACCATTGGTTATGGTGGTACTTACACCTTCTATCCAGACAGTGTGAAGGGGCGATTCACCATCTCCAGAGACGATGCCAAGAACAACCTGTACCTGCAAATGAGCAGTCTGCAGTCTGAGGACACAGCCATGTATTACTGTGCAAGAGGGGGACTGGGGGGGGCTCTGGACTACTGGGGTCAAGGAACCTCAGTCACCGTCTCCTCGGCGCGCCCAACA		H	8.3e-60	191.7	20	137	imgt	0	MKLPVLLVVLLLFTSPASSS`EVQLVESGGGLVRPGGSLKLSCAASGFTFSDYYMYWVRQTPEKRLEWVATIGYGGTYTFYPDSVKGRFTISRDDAKNNLYLQMSSLQSEDTAMYYCARGGLGGALDYWGQGTSVTVS`SARPT	1,2,3,4,5,6,7,8,9,10,11,12,13,14,15,16,17,18,19,20,21,22,23,24,25,26,27,28,29,30,31,32,33,34,35,36,37,38,39,40,41,42,43,44,45,46,47,48,49,50,51,52,53,54,55,56,57,58,59,60,61,62,63,64,65,66,67,68,69,70,71,72,73,74,75,76,77,78,79,80,81,82,83,84,85,86,87,88,89,90,91,92,93,94,95,96,97,98,99,100,101,102,103,104,105,106,107,108,109,110,111,112,113,114,115,116,117,118,119,120,121,122,123,124,125,126,127,128	E,V,Q,L,V,E,S,G,G,-,G,L,V,R,P,G,G,S,L,K,L,S,C,A,A,S,G,F,T,F,-,-,-,-,S,D,Y,Y,M,Y,W,V,R,Q,T,P,E,K,R,L,E,W,V,A,T,I,G,Y,G,-,-,G,T,Y,T,F,Y,P,D,S,V,K,-,G,R,F,T,I,S,R,D,D,A,K,N,N,L,Y,L,Q,M,S,S,L,Q,S,E,D,T,A,M,Y,Y,C,A,R,G,G,L,G,-,-,G,A,L,D,Y,W,G,Q,G,T,S,V,T,V,S,S
Psanger_114557	Psanger	None	N212/17R	HC	1	100	1	Sanger	GCCTCAAGCAGTGAGGTGCAGCTTCAGCAGTCTGGGGCTGAACTGGCAAAATCTGGGGCCTCAGTGAAGATGTCCTGCAAGGCTTCTGGCTACACCTTTTCTAGCTACTGGATACACTGGGTAAAACAGAGGCCTGGACAGGGTCTGGAATGGATTGGATACATTGATCCTAGCACTGGTAATTCTGAATGCAATCAGAAGTTCAAGGACAAGGCCGCATTGACTGCAGACAAATCCTCCAGCACAGCCTACATGCAACTGAGCAGCCTGACATCTGAGGACTCTGCAGTCTATTACTGTGTAAGATGGGGGTATGACTACTGGGGCCAAGGCACCACTCTCACCGTCTCCTC		H	1.8e-54	174.1	4	117	imgt	0	ASSS`EVQLQQSGAELAKSGASVKMSCKASGYTFSSYWIHWVKQRPGQGLEWIGYIDPSTGNSECNQKFKDKAALTADKSSSTAYMQLSSLTSEDSAVYYCVRWGYDYWGQGTTLTVS`S	1,2,3,4,5,6,7,8,9,10,11,12,13,14,15,16,17,18,19,20,21,22,23,24,25,26,27,28,29,30,31,32,33,34,35,36,37,38,39,40,41,42,43,44,45,46,47,48,49,50,51,52,53,54,55,56,57,58,59,60,61,62,63,64,65,66,67,68,69,70,71,72,73,74,75,76,77,78,79,80,81,82,83,84,85,86,87,88,89,90,91,92,93,94,95,96,97,98,99,100,101,102,103,104,105,106,107,108,109,110,111,112,113,114,115,116,117,118,119,120,121,122,123,124,125,126,127,128	E,V,Q,L,Q,Q,S,G,A,-,E,L,A,K,S,G,A,S,V,K,M,S,C,K,A,S,G,Y,T,F,-,-,-,-,S,S,Y,W,I,H,W,V,K,Q,R,P,G,Q,G,L,E,W,I,G,Y,I,D,P,S,-,-,T,G,N,S,E,C,N,Q,K,F,K,-,D,K,A,A,L,T,A,D,K,S,S,S,T,A,Y,M,Q,L,S,S,L,T,S,E,D,S,A,V,Y,Y,C,V,R,W,G,-,-,-,-,-,-,Y,D,Y,W,G,Q,G,T,T,L,T,V,S,S
Psanger_114473	Psanger	None	N212/3R	HC	1	100	1	Sanger	ATGAAGCTGCCTGTTCTGCTAGTGGTGCTGCTATTGTTCACGAGTCCAGCCTCAAGCAGTGAGGTGCAGCTGCAGCAGTCTGGAGCTGAGCTGGTGAAGCCTGGGGCCTCAGTGAAGATCTCCTGCAGGGCTTCTGGCTACACATTCAGTACCTACTGGATACAGTGGGTAAAGCAGAGGCCTGGACATGGCCTTGAGTGGATTGGAGAGATTTTACCTGGAAATATTAGTACTAACTACAATGAGAAGTTCAAGGGCAAGGCCACATTCACTGCAGATACATCCTCCAACACAGCCTACATGCAACTCAGCAGCCTGCCATCTGAGGACTCTGCCGTCTATTACTGTGCAAGATTGAGGCTCGGCTATGCTATGGACTACTGGGGTCAAGGAACCTCAGTCACCGTCTCCTCGGCGCGCCCAACA		H	6e-59	188.6	20	137	imgt	0	MKLPVLLVVLLLFTSPASSS`EVQLQQSGAELVKPGASVKISCRASGYTFSTYWIQWVKQRPGHGLEWIGEILPGNISTNYNEKFKGKATFTADTSSNTAYMQLSSLPSEDSAVYYCARLRLGYAMDYWGQGTSVTVS`SARPT	1,2,3,4,5,6,7,8,9,10,11,12,13,14,15,16,17,18,19,20,21,22,23,24,25,26,27,28,29,30,31,32,33,34,35,36,37,38,39,40,41,42,43,44,45,46,47,48,49,50,51,52,53,54,55,56,57,58,59,60,61,62,63,64,65,66,67,68,69,70,71,72,73,74,75,76,77,78,79,80,81,82,83,84,85,86,87,88,89,90,91,92,93,94,95,96,97,98,99,100,101,102,103,104,105,106,107,108,109,110,111,112,113,114,115,116,117,118,119,120,121,122,123,124,125,126,127,128	E,V,Q,L,Q,Q,S,G,A,-,E,L,V,K,P,G,A,S,V,K,I,S,C,R,A,S,G,Y,T,F,-,-,-,-,S,T,Y,W,I,Q,W,V,K,Q,R,P,G,H,G,L,E,W,I,G,E,I,L,P,G,-,-,N,I,S,T,N,Y,N,E,K,F,K,-,G,K,A,T,F,T,A,D,T,S,S,N,T,A,Y,M,Q,L,S,S,L,P,S,E,D,S,A,V,Y,Y,C,A,R,L,R,L,G,-,-,Y,A,M,D,Y,W,G,Q,G,T,S,V,T,V,S,S
Psanger_114474	Psanger	None	N222/6R	HC	1	100	1	Sanger	GCCTCAAGCAGTGAGGTCCAGCTGCAACAGTCTGGGTCTGTGCTGGTGAGGCCTGGAGCTTCAGTGAAGCTGTCCTGCAAGGCTTCTGGCTACACCTTCACCAGCTCCTGGATGCACTGGGCGAAGCAGAGGCCTGGACAAGGCCTTGAGTGGATTGGAGAGATTCATCCTAATAGTGGTGATACTAACTACAATGAGAAGTTCAAGGGCAAGGCCACACTGACTGTAGACACATCCTCCAGCACAGCCTACGTGGATCTCAGCAGCCTGACATCTGAGGACTCTGCGGTCTATTACTGTGCAAGAAGGGACTACTGGGGCCAAGGCACCACTCTCACAGTCTCCTC		H	1.2e-56	181.1	4	115	imgt	0	ASSS`EVQLQQSGSVLVRPGASVKLSCKASGYTFTSSWMHWAKQRPGQGLEWIGEIHPNSGDTNYNEKFKGKATLTVDTSSSTAYVDLSSLTSEDSAVYYCARRDYWGQGTTLTVS`S	1,2,3,4,5,6,7,8,9,10,11,12,13,14,15,16,17,18,19,20,21,22,23,24,25,26,27,28,29,30,31,32,33,34,35,36,37,38,39,40,41,42,43,44,45,46,47,48,49,50,51,52,53,54,55,56,57,58,59,60,61,62,63,64,65,66,67,68,69,70,71,72,73,74,75,76,77,78,79,80,81,82,83,84,85,86,87,88,89,90,91,92,93,94,95,96,97,98,99,100,101,102,103,104,105,106,107,108,109,110,111,112,113,114,115,116,117,118,119,120,121,122,123,124,125,126,127,128	E,V,Q,L,Q,Q,S,G,S,-,V,L,V,R,P,G,A,S,V,K,L,S,C,K,A,S,G,Y,T,F,-,-,-,-,T,S,S,W,M,H,W,A,K,Q,R,P,G,Q,G,L,E,W,I,G,E,I,H,P,N,-,-,S,G,D,T,N,Y,N,E,K,F,K,-,G,K,A,T,L,T,V,D,T,S,S,S,T,A,Y,V,D,L,S,S,L,T,S,E,D,S,A,V,Y,Y,C,A,R,R,-,-,-,-,-,-,-,-,D,Y,W,G,Q,G,T,T,L,T,V,S,S
Psanger_114555	Psanger	None	N230/21R	HC	1	100	1	Sanger	GCCTCAAGCAGTCAGGTCGAGCTGCAGCAGTCTGGAACTGAGCTGGTAAGGCCTGGGACTTCAGCGAAGATATCCTGTAAGGCTTCTGGATACGACTTCAGTAACTACTGGCTAGGTTGGGTAAAACAGAGGCCTGGACATGGACTTGAGTGGATTGGAGATATTTACCCTGGGAGTGATAATACTTACTTCAATGAGAAGTTCAAGGGCAAAGCCACACTGACTGCAGACAAATCCTCGAGTATAGCCTATATGCAGCTCAGTAGCCTGACATCTGAGGACTCAGCTGTCTACTTCTGTGCACGAGAGCCCTTTTCTTACTGGGGCCAAGGGACTCTGGTCACTGTCTCTGC		H	9.5e-55	175.0	4	117	imgt	0	ASSS`QVELQQSGTELVRPGTSAKISCKASGYDFSNYWLGWVKQRPGHGLEWIGDIYPGSDNTYFNEKFKGKATLTADKSSSIAYMQLSSLTSEDSAVYFCAREPFSYWGQGTLVTVS`A	1,2,3,4,5,6,7,8,9,10,11,12,13,14,15,16,17,18,19,20,21,22,23,24,25,26,27,28,29,30,31,32,33,34,35,36,37,38,39,40,41,42,43,44,45,46,47,48,49,50,51,52,53,54,55,56,57,58,59,60,61,62,63,64,65,66,67,68,69,70,71,72,73,74,75,76,77,78,79,80,81,82,83,84,85,86,87,88,89,90,91,92,93,94,95,96,97,98,99,100,101,102,103,104,105,106,107,108,109,110,111,112,113,114,115,116,117,118,119,120,121,122,123,124,125,126,127,128	Q,V,E,L,Q,Q,S,G,T,-,E,L,V,R,P,G,T,S,A,K,I,S,C,K,A,S,G,Y,D,F,-,-,-,-,S,N,Y,W,L,G,W,V,K,Q,R,P,G,H,G,L,E,W,I,G,D,I,Y,P,G,-,-,S,D,N,T,Y,F,N,E,K,F,K,-,G,K,A,T,L,T,A,D,K,S,S,S,I,A,Y,M,Q,L,S,S,L,T,S,E,D,S,A,V,Y,F,C,A,R,E,P,-,-,-,-,-,-,F,S,Y,W,G,Q,G,T,L,V,T,V,S,A
Psanger_114509	Psanger	None	N235/22R	HC	1	100	1	Sanger	ATGAAGCTGCCTGTTCTGCTAGTGGTGCTGCTATTGTTCACGAGTCCAGCCTCAAGCAGTCAGATCCAGCTGCAGCAGTCTGGAGCTGAGCTGGTAAGGCCTGGGACTTCAGTGAAGGTGTCCTGCAAGGCTTCTGGATACGCCTTCACTAATTACTTCATAGAGTGGGTAAAGCAGAGGCCTGGACAGGGCCTTGAATGGATTGGAATGATTAATCCTGGAACTGGTGGTACTACCTACAATGAGAAATTCAAGGGCAAGGCAACACTGACTGCAGACAAATCCTCCAGTACTGCCTACATGCAGCTCAGCAGCCTGACATCTGATGACTCTGCGCTTTATTTCTGTGCAAGAGAGGACAGTTCGGGCTTCGACTACTGGGGCCAAGGCACCACTCTCACAGTCTCCTCGGCGCGCCCAACA		H	7.9e-58	185.0	20	136	imgt	0	MKLPVLLVVLLLFTSPASSS`QIQLQQSGAELVRPGTSVKVSCKASGYAFTNYFIEWVKQRPGQGLEWIGMINPGTGGTTYNEKFKGKATLTADKSSSTAYMQLSSLTSDDSALYFCAREDSSGFDYWGQGTTLTVS`SARPT	1,2,3,4,5,6,7,8,9,10,11,12,13,14,15,16,17,18,19,20,21,22,23,24,25,26,27,28,29,30,31,32,33,34,35,36,37,38,39,40,41,42,43,44,45,46,47,48,49,50,51,52,53,54,55,56,57,58,59,60,61,62,63,64,65,66,67,68,69,70,71,72,73,74,75,76,77,78,79,80,81,82,83,84,85,86,87,88,89,90,91,92,93,94,95,96,97,98,99,100,101,102,103,104,105,106,107,108,109,110,111,112,113,114,115,116,117,118,119,120,121,122,123,124,125,126,127,128	Q,I,Q,L,Q,Q,S,G,A,-,E,L,V,R,P,G,T,S,V,K,V,S,C,K,A,S,G,Y,A,F,-,-,-,-,T,N,Y,F,I,E,W,V,K,Q,R,P,G,Q,G,L,E,W,I,G,M,I,N,P,G,-,-,T,G,G,T,T,Y,N,E,K,F,K,-,G,K,A,T,L,T,A,D,K,S,S,S,T,A,Y,M,Q,L,S,S,L,T,S,D,D,S,A,L,Y,F,C,A,R,E,D,S,-,-,-,S,G,F,D,Y,W,G,Q,G,T,T,L,T,V,S,S
Psanger_128637	Psanger	None	N23B/49R	HC	1	100	1	Sanger	ATGAAGCTGCCTGTTCTGCTAGTGGTGCTGCTATTGTTCACGAGTCCAGCCTCAAGCAGTGAGGTGCTGCTGGTGGAATCTGGGGCAGAGCTTGAGAGGTCAGGGGCCTCAGTCAAGTTGTCCTGCACAGCTTCTGGCTTCAACATTAAAGACTACTATATGCACTGGGTGAAGCAGAGGCCTGAACAGGGCCTGGAGTGGATTGGATGGATTGATCCTGAGAATGGTGATACTGAATATGCCCCGAAGTTCCAGGGCAAGGCCACTATGACTGCAGACACATCCTCCAACACAGCCTACCTTCAGCTCAGCAGCCTGACATCTGAGGACACTGCCGTCTATTACTGTAATACGGGAGGTTACGACCTAGCCTCGTACTATGCTATGGACTACTGGGGTCAAGGAACCTCAGTCACCGTCTCCTCGGCGCGCCCAACA		H	9.7e-54	171.8	20	141	imgt	0	MKLPVLLVVLLLFTSPASSS`EVLLVESGAELERSGASVKLSCTASGFNIKDYYMHWVKQRPEQGLEWIGWIDPENGDTEYAPKFQGKATMTADTSSNTAYLQLSSLTSEDTAVYYCNTGGYDLASYYAMDYWGQGTSVTVS`SARPT	1,2,3,4,5,6,7,8,9,10,11,12,13,14,15,16,17,18,19,20,21,22,23,24,25,26,27,28,29,30,31,32,33,34,35,36,37,38,39,40,41,42,43,44,45,46,47,48,49,50,51,52,53,54,55,56,57,58,59,60,61,62,63,64,65,66,67,68,69,70,71,72,73,74,75,76,77,78,79,80,81,82,83,84,85,86,87,88,89,90,91,92,93,94,95,96,97,98,99,100,101,102,103,104,105,106,107,108,109,110,111,111,112,112,113,114,115,116,117,118,119,120,121,122,123,124,125,126,127,128	E,V,L,L,V,E,S,G,A,-,E,L,E,R,S,G,A,S,V,K,L,S,C,T,A,S,G,F,N,I,-,-,-,-,K,D,Y,Y,M,H,W,V,K,Q,R,P,E,Q,G,L,E,W,I,G,W,I,D,P,E,-,-,N,G,D,T,E,Y,A,P,K,F,Q,-,G,K,A,T,M,T,A,D,T,S,S,N,T,A,Y,L,Q,L,S,S,L,T,S,E,D,T,A,V,Y,Y,C,N,T,G,G,Y,D,L,A,A,Y,Y,A,M,D,Y,W,G,Q,G,T,S,V,T,V,S,S
Psanger_114562	Psanger	None	N244/5R	HC	1	100	1	Sanger	ATGAAGCTGCCTGTTCTGCTAGTGGTGCTGCTATTGTTCACGAGTCCAGCCTCAAGCAGTGAGGTTCAGCTGCAGCAGTCTGGGGCTGAACTGGTGAGGCCTGGGACTTCAGTGAAACTGTCCTGCAAGGCTTCCGGCTACACGTTCACCAACTATTGGATGAACTGGATTAAACAGAGGCCTGAGGGAGGCCTTGAGTGGATTGGAAAGATTGATCCTTATGATGATATAACTCACTACAGTCAAAAGTTCAAAGACAAGGCCTTTTTGACAGTAGACAAATCCTCCCATACAGCCTACATACACCTCACCAGCCTGACATCTGAGGACTCCTCGGTCTTTTATTGTGCTCTAAGGGGATCTAGTATGATTACGCCAGACTGGTACTTCGATGTCTGGGGCGCAGGCACCACTCTCACAGTCTCCTCGGCGCGCCCAACA        		H	1.2e-51	165.0	20	142	imgt	0	MKLPVLLVVLLLFTSPASSS`EVQLQQSGAELVRPGTSVKLSCKASGYTFTNYWMNWIKQRPEGGLEWIGKIDPYDDITHYSQKFKDKAFLTVDKSSHTAYIHLTSLTSEDSSVFYCALRGSSMITPDWYFDVWGAGTTLTVS`SARPT	1,2,3,4,5,6,7,8,9,10,11,12,13,14,15,16,17,18,19,20,21,22,23,24,25,26,27,28,29,30,31,32,33,34,35,36,37,38,39,40,41,42,43,44,45,46,47,48,49,50,51,52,53,54,55,56,57,58,59,60,61,62,63,64,65,66,67,68,69,70,71,72,73,74,75,76,77,78,79,80,81,82,83,84,85,86,87,88,89,90,91,92,93,94,95,96,97,98,99,100,101,102,103,104,105,106,107,108,109,110,111,111,112,112,112,113,114,115,116,117,118,119,120,121,122,123,124,125,126,127,128	E,V,Q,L,Q,Q,S,G,A,-,E,L,V,R,P,G,T,S,V,K,L,S,C,K,A,S,G,Y,T,F,-,-,-,-,T,N,Y,W,M,N,W,I,K,Q,R,P,E,G,G,L,E,W,I,G,K,I,D,P,Y,-,-,D,D,I,T,H,Y,S,Q,K,F,K,-,D,K,A,F,L,T,V,D,K,S,S,H,T,A,Y,I,H,L,T,S,L,T,S,E,D,S,S,V,F,Y,C,A,L,R,G,S,S,M,A,B,A,D,W,Y,F,D,V,W,G,A,G,T,T,L,T,V,S,S
Psanger_114477	Psanger	None	N268/19R	HC	1	100	1	Sanger	GCCTCAAGCAGTCAGGTTCAGCTGCAACAGTCTGGGGCTGAGCTGGTGAGGCCTGGGGCTTCAGTGACGCTGTCCTGCAAGGCTTCGGGCTACACATTTTCTGACTATGAAATTCTCTGGGTGAAGCAGACACCTGTACATGGCCTGGAATGGATTGGAGCCATTGATCCTGACACTGGTGATACTGCCTATAATCAGAAGTTCAAGGGCAAGGTCACACTGACTGCAGACAGATCCTCCAACACAGCCTACATGGAGCTCCGCAGCCTGACATCTGAGGACTCTGCCGTCTATTACTGTACAAGACCCCTGTTTCCTTACTGGGGCCAAGGGACTCTGGTCACTGTCTCTGC		H	8.7e-55	175.1	4	117	imgt	0	ASSS`QVQLQQSGAELVRPGASVTLSCKASGYTFSDYEILWVKQTPVHGLEWIGAIDPDTGDTAYNQKFKGKVTLTADRSSNTAYMELRSLTSEDSAVYYCTRPLFPYWGQGTLVTVS`A	1,2,3,4,5,6,7,8,9,10,11,12,13,14,15,16,17,18,19,20,21,22,23,24,25,26,27,28,29,30,31,32,33,34,35,36,37,38,39,40,41,42,43,44,45,46,47,48,49,50,51,52,53,54,55,56,57,58,59,60,61,62,63,64,65,66,67,68,69,70,71,72,73,74,75,76,77,78,79,80,81,82,83,84,85,86,87,88,89,90,91,92,93,94,95,96,97,98,99,100,101,102,103,104,105,106,107,108,109,110,111,112,113,114,115,116,117,118,119,120,121,122,123,124,125,126,127,128	Q,V,Q,L,Q,Q,S,G,A,-,E,L,V,R,P,G,A,S,V,T,L,S,C,K,A,S,G,Y,T,F,-,-,-,-,S,D,Y,E,I,L,W,V,K,Q,T,P,V,H,G,L,E,W,I,G,A,I,D,P,D,-,-,T,G,D,T,A,Y,N,Q,K,F,K,-,G,K,V,T,L,T,A,D,R,S,S,N,T,A,Y,M,E,L,R,S,L,T,S,E,D,S,A,V,Y,Y,C,T,R,P,L,-,-,-,-,-,-,F,P,Y,W,G,Q,G,T,L,V,T,V,S,A
Psanger_114558	Psanger	None	N269/73R	HC	1	100	1	Sanger	GCCTCAAGCAGTCAGGTCCAGTTGGTGCAGTCTGGGCCCGAGCTGAAGAAGCCTGGAGAGACAGTCAAGATCTCCTGCAAGGCTTCTGGGTATACCTTCACAAACTATGGAATGAACTGGGTGAGGCAGGCTCCAGGAAAGGGTTTAAAGTGGATGGGCTGGATGAACACCAACACTGGAGAGCCAACATATGCTGAAGAATTCAAGGGACGGTTTGCCTTCTCTTTGGAAACCTCTGCCAGCACTGCCTTTTTGCAGATCAACAACGTCAAGAATGAGGACACGGCTACTTATTTCTGTGCAAGAGAGGTCCTTTCTTACTGGGGCCAAGGGACTCTGGTCACTGTCTCTGC		H	7.7e-52	165.6	4	117	imgt	0	ASSS`QVQLVQSGPELKKPGETVKISCKASGYTFTNYGMNWVRQAPGKGLKWMGWMNTNTGEPTYAEEFKGRFAFSLETSASTAFLQINNVKNEDTATYFCAREVLSYWGQGTLVTVS`A	1,2,3,4,5,6,7,8,9,10,11,12,13,14,15,16,17,18,19,20,21,22,23,24,25,26,27,28,29,30,31,32,33,34,35,36,37,38,39,40,41,42,43,44,45,46,47,48,49,50,51,52,53,54,55,56,57,58,59,60,61,62,63,64,65,66,67,68,69,70,71,72,73,74,75,76,77,78,79,80,81,82,83,84,85,86,87,88,89,90,91,92,93,94,95,96,97,98,99,100,101,102,103,104,105,106,107,108,109,110,111,112,113,114,115,116,117,118,119,120,121,122,123,124,125,126,127,128	Q,V,Q,L,V,Q,S,G,P,-,E,L,K,K,P,G,E,T,V,K,I,S,C,K,A,S,G,Y,T,F,-,-,-,-,T,N,Y,G,M,N,W,V,R,Q,A,P,G,K,G,L,K,W,M,G,W,M,N,T,N,-,-,T,G,E,P,T,Y,A,E,E,F,K,-,G,R,F,A,F,S,L,E,T,S,A,S,T,A,F,L,Q,I,N,N,V,K,N,E,D,T,A,T,Y,F,C,A,R,E,V,-,-,-,-,-,-,L,S,Y,W,G,Q,G,T,L,V,T,V,S,A
Psanger_114482	Psanger	None	N277/7R	HC	1	100	1	Sanger	ATGAAGCTGCCTGTTCTGCTAGTGGTGCTGCTATTGTTCACGAGTCCAGCCTCAAGCAGTGAGGTCCAGCTGCAGCAGTCTGGACCTGAGCTGGTGAAGCCTGGGGCTTCAGTGAAGATATCCTGCAAGACTTCTGAATACACATTCACTGAATACACCATGCACTGGGTGAAGCAGAGCCATGGAAAGAGCCTTGAGTGGATTGGAGGTGTTATTCCTAACAATGGAGTTACTAGTTACAATCAGAGGTTCAAGGTCAGGGCCACATTGACTGTGGACAGGTCCTCCAGCACAGCCTACATGGAGCTCCGCAGCCTGACATCTGACGATTCTGCAGTCTATTTCTGTGCAACAGGACAGCTAACTGGGATCTTTGCTTACTGGGGCCAAGGGACCACGGTCACCGTCTCCTCGGCGCGCCCAACA        		H	1.8e-55	177.4	20	137	imgt	0	MKLPVLLVVLLLFTSPASSS`EVQLQQSGPELVKPGASVKISCKTSEYTFTEYTMHWVKQSHGKSLEWIGGVIPNNGVTSYNQRFKVRATLTVDRSSSTAYMELRSLTSDDSAVYFCATGQLTGIFAYWGQGTTVTVS`SARPT	1,2,3,4,5,6,7,8,9,10,11,12,13,14,15,16,17,18,19,20,21,22,23,24,25,26,27,28,29,30,31,32,33,34,35,36,37,38,39,40,41,42,43,44,45,46,47,48,49,50,51,52,53,54,55,56,57,58,59,60,61,62,63,64,65,66,67,68,69,70,71,72,73,74,75,76,77,78,79,80,81,82,83,84,85,86,87,88,89,90,91,92,93,94,95,96,97,98,99,100,101,102,103,104,105,106,107,108,109,110,111,112,113,114,115,116,117,118,119,120,121,122,123,124,125,126,127,128	E,V,Q,L,Q,Q,S,G,P,-,E,L,V,K,P,G,A,S,V,K,I,S,C,K,T,S,E,Y,T,F,-,-,-,-,T,E,Y,T,M,H,W,V,K,Q,S,H,G,K,S,L,E,W,I,G,G,V,I,P,N,-,-,N,G,V,T,S,Y,N,Q,R,F,K,-,V,R,A,T,L,T,V,D,R,S,S,S,T,A,Y,M,E,L,R,S,L,T,S,D,D,S,A,V,Y,F,C,A,T,G,Q,L,T,-,-,G,I,F,A,Y,W,G,Q,G,T,T,V,T,V,S,S
Psanger_114476	Psanger	None	N278/19R	HC	1	100	1	Sanger	GCCTCAAGCAGTGAAGTGAAGATTGAGGAGTCTGGAGGAGGCTTGGTGCAACCTGGAGGATCCATGAAACTCTCTTGTTCTGTCTCTGGAATCACTTTTAGTGACGCCTGGATGGACTGGGTCCGCCAGTCTCCAGAGAAGGGGCTTGAGTGGGTTGCTGAAATTAGAAGCAAAGCTAATAATCATGCAACAAACTATGCTGAGTCTGTGAAAGGGAGGTTCACCATCTCAAGAGATGATTCCAAAAGTGGTGTCTACCTGCAAATGAACAGCTTAAGACCTGAAGACACTGGCATTTATTACTGTATCAGCGAATTAAAATACTGGGGTCAAGGAACCTCAGTCACCGTCTCCTC        		H	8.7e-53	168.7	4	118	imgt	0	ASSS`EVKIEESGGGLVQPGGSMKLSCSVSGITFSDAWMDWVRQSPEKGLEWVAEIRSKANNHATNYAESVKGRFTISRDDSKSGVYLQMNSLRPEDTGIYYCISELKYWGQGTSVTVS`S	1,2,3,4,5,6,7,8,9,10,11,12,13,14,15,16,17,18,19,20,21,22,23,24,25,26,27,28,29,30,31,32,33,34,35,36,37,38,39,40,41,42,43,44,45,46,47,48,49,50,51,52,53,54,55,56,57,58,59,60,61,62,63,64,65,66,67,68,69,70,71,72,73,74,75,76,77,78,79,80,81,82,83,84,85,86,87,88,89,90,91,92,93,94,95,96,97,98,99,100,101,102,103,104,105,106,107,108,109,110,111,112,113,114,115,116,117,118,119,120,121,122,123,124,125,126,127,128	E,V,K,I,E,E,S,G,G,-,G,L,V,Q,P,G,G,S,M,K,L,S,C,S,V,S,G,I,T,F,-,-,-,-,S,D,A,W,M,D,W,V,R,Q,S,P,E,K,G,L,E,W,V,A,E,I,R,S,K,A,N,N,H,A,T,N,Y,A,E,S,V,K,-,G,R,F,T,I,S,R,D,D,S,K,S,G,V,Y,L,Q,M,N,S,L,R,P,E,D,T,G,I,Y,Y,C,I,S,E,-,-,-,-,-,-,-,L,K,Y,W,G,Q,G,T,S,V,T,V,S,S
Psanger_128638	Psanger	None	N28/9R	HC	1	100	1	Sanger	ATGAAGCTGCCTGTTCTGCTAGTGGTGCTGCTATTGTTCACGAGTCCAGCCTCAAGCAGTGAGGTTCAGCTGCAGCAGTCTGGGACTGTGCTGGCAAGGCCTGGGGCTTCCGTGAAGATGTCCTGCAAGGCTTCTGGCTACAGCTTTACCAGTTACTGGATGTACTGGGTAAAACAGAGGCCTGGACAGGGTCTAGAATGGATTGGTGCTATTTATCCTGGAAATAGTGATACTACCTACAACCAGAAGTTCAAGGGCAAGGCCAAACTGACTGCAGTCACATCCGCCAGCACTGCCTACATGGAGCTCAGCTACCTGACAAATGAGGACTCTGCGGTCTATTACTGCACAAGTCATTACTACGGTAGTGGGTACTTCGATGTCTGGGGCGCAGGGACTCTGGTCACTGTCTCCTCGGCGCGCCCAACA		H	7.1e-53	169.0	20	138	imgt	0	MKLPVLLVVLLLFTSPASSS`EVQLQQSGTVLARPGASVKMSCKASGYSFTSYWMYWVKQRPGQGLEWIGAIYPGNSDTTYNQKFKGKAKLTAVTSASTAYMELSYLTNEDSAVYYCTSHYYGSGYFDVWGAGTLVTVS`SARPT	1,2,3,4,5,6,7,8,9,10,11,12,13,14,15,16,17,18,19,20,21,22,23,24,25,26,27,28,29,30,31,32,33,34,35,36,37,38,39,40,41,42,43,44,45,46,47,48,49,50,51,52,53,54,55,56,57,58,59,60,61,62,63,64,65,66,67,68,69,70,71,72,73,74,75,76,77,78,79,80,81,82,83,84,85,86,87,88,89,90,91,92,93,94,95,96,97,98,99,100,101,102,103,104,105,106,107,108,109,110,111,112,113,114,115,116,117,118,119,120,121,122,123,124,125,126,127,128	E,V,Q,L,Q,Q,S,G,T,-,V,L,A,R,P,G,A,S,V,K,M,S,C,K,A,S,G,Y,S,F,-,-,-,-,T,S,Y,W,M,Y,W,V,K,Q,R,P,G,Q,G,L,E,W,I,G,A,I,Y,P,G,-,-,N,S,D,T,T,Y,N,Q,K,F,K,-,G,K,A,K,L,T,A,V,T,S,A,S,T,A,Y,M,E,L,S,Y,L,T,N,E,D,S,A,V,Y,Y,C,T,S,H,Y,Y,G,-,S,G,Y,F,D,V,W,G,A,G,T,L,V,T,V,S,S
Psanger_114556	Psanger	None	N289/16R	HC	1	100	1	Sanger	GCCTCAAGCAGTGAGGTCCAGCTGCAACAGTCTGGGGCAGAGCTTGTGAGGTCAGGGGCCTCAGTCAGGTTGACCTGCACAGCTTCTGGCTTCAACATTAAAGACTACTATATGAACTGGGTGAAACAGAGGCCTGAACAGGGCCTGGAGTGGATTGGATGGATTGATCCTGAGGATGGTCATACTGAATATGCCCCGAAGTTCCAGGGCAAGGCCACTATGAATGCAGACACATCCTCCAATACAGTCCACCTGCAACTCAGCAGCCTGACATCTGAGGACACTGCCGTCTATTTCTGTAATGGCAACTATGGTAGTAGTCACTATGCTATGGACTACTGGGGTCAAGGAACCTCAGTCACCGTCTCCTC		H	9.1e-55	175.1	4	123	imgt	0	ASSS`EVQLQQSGAELVRSGASVRLTCTASGFNIKDYYMNWVKQRPEQGLEWIGWIDPEDGHTEYAPKFQGKATMNADTSSNTVHLQLSSLTSEDTAVYFCNGNYGSSHYAMDYWGQGTSVTVS`S	1,2,3,4,5,6,7,8,9,10,11,12,13,14,15,16,17,18,19,20,21,22,23,24,25,26,27,28,29,30,31,32,33,34,35,36,37,38,39,40,41,42,43,44,45,46,47,48,49,50,51,52,53,54,55,56,57,58,59,60,61,62,63,64,65,66,67,68,69,70,71,72,73,74,75,76,77,78,79,80,81,82,83,84,85,86,87,88,89,90,91,92,93,94,95,96,97,98,99,100,101,102,103,104,105,106,107,108,109,110,111,112,113,114,115,116,117,118,119,120,121,122,123,124,125,126,127,128	E,V,Q,L,Q,Q,S,G,A,-,E,L,V,R,S,G,A,S,V,R,L,T,C,T,A,S,G,F,N,I,-,-,-,-,K,D,Y,Y,M,N,W,V,K,Q,R,P,E,Q,G,L,E,W,I,G,W,I,D,P,E,-,-,D,G,H,T,E,Y,A,P,K,F,Q,-,G,K,A,T,M,N,A,D,T,S,S,N,T,V,H,L,Q,L,S,S,L,T,S,E,D,T,A,V,Y,F,C,N,G,N,Y,G,S,S,H,Y,A,M,D,Y,W,G,Q,G,T,S,V,T,V,S,S
Psanger_114501	Psanger	None	N29/29R	HC	1	100	1	Sanger	GCCTCAAGCAGTGAGGTCCAGCTGCAACAATCTGGGGCAGAGGTTGTGAAGCCAGGGGCCTCAGTCAAGTTGTCCTGCACAGCCTCTGGCTTCAACATTAAAGACACCTATATGCACTGGGTGAACCAGAGGCCTGAACAGGGCCTGGAGTGGATTGGAAGGATTGATCCTGCCAATGGTAATACTCAATATGACCCGAAGTTCCGGGACAAGGCCACTATAACAGCAGACACATCCTCCAACACAGCCTACCTGCAGCTCAGCAGCCTGACATCTGAAGACACTGCCGTCTATTACTGTGCTAAAGGGGCCTACTGGGGCCAAGGGACTCTGGTCACTGTCTCTGC		H	1.7e-54	174.2	4	115	imgt	0	ASSS`EVQLQQSGAEVVKPGASVKLSCTASGFNIKDTYMHWVNQRPEQGLEWIGRIDPANGNTQYDPKFRDKATITADTSSNTAYLQLSSLTSEDTAVYYCAKGAYWGQGTLVTVS`A	1,2,3,4,5,6,7,8,9,10,11,12,13,14,15,16,17,18,19,20,21,22,23,24,25,26,27,28,29,30,31,32,33,34,35,36,37,38,39,40,41,42,43,44,45,46,47,48,49,50,51,52,53,54,55,56,57,58,59,60,61,62,63,64,65,66,67,68,69,70,71,72,73,74,75,76,77,78,79,80,81,82,83,84,85,86,87,88,89,90,91,92,93,94,95,96,97,98,99,100,101,102,103,104,105,106,107,108,109,110,111,112,113,114,115,116,117,118,119,120,121,122,123,124,125,126,127,128	E,V,Q,L,Q,Q,S,G,A,-,E,V,V,K,P,G,A,S,V,K,L,S,C,T,A,S,G,F,N,I,-,-,-,-,K,D,T,Y,M,H,W,V,N,Q,R,P,E,Q,G,L,E,W,I,G,R,I,D,P,A,-,-,N,G,N,T,Q,Y,D,P,K,F,R,-,D,K,A,T,I,T,A,D,T,S,S,N,T,A,Y,L,Q,L,S,S,L,T,S,E,D,T,A,V,Y,Y,C,A,K,G,-,-,-,-,-,-,-,-,A,Y,W,G,Q,G,T,L,V,T,V,S,A
Psanger_114563	Psanger	None	N291C/22R	HC	1	100	1	Sanger	GCCTCAAGCAGTGAGGTGCAGCTGGTGGAGTCGGGGGGAGACTTAGTGAAGTCTGGAGGGTCACTGAAACTCTCCTGTGCAGCCTCTGGATTCACTTTCAGTAACTATGGCATGTCTTGGGTTCGCCAGACTCCAGACAAGAGGCTGGAATGGGTCGCAACCATTAGTGATGGTGGTAGGTACACCTACTATCCAGACAGTGTGAAGGGGCGATTCACCATCTCCAGAGACAATGCCAAAAACACCCTGTACCTGCAAATGAGCAGTCTGAGGTCTGAGGACACAGCCATATATTACTGTACAAGACATGAGAATTACGACGACCTCTTTGCTTACTGGGGCCAAGGGACTCTGGTCACTGTCTCTGC		H	2.9e-59	189.9	4	122	imgt	0	ASSS`EVQLVESGGDLVKSGGSLKLSCAASGFTFSNYGMSWVRQTPDKRLEWVATISDGGRYTYYPDSVKGRFTISRDNAKNTLYLQMSSLRSEDTAIYYCTRHENYDDLFAYWGQGTLVTVS`A	1,2,3,4,5,6,7,8,9,10,11,12,13,14,15,16,17,18,19,20,21,22,23,24,25,26,27,28,29,30,31,32,33,34,35,36,37,38,39,40,41,42,43,44,45,46,47,48,49,50,51,52,53,54,55,56,57,58,59,60,61,62,63,64,65,66,67,68,69,70,71,72,73,74,75,76,77,78,79,80,81,82,83,84,85,86,87,88,89,90,91,92,93,94,95,96,97,98,99,100,101,102,103,104,105,106,107,108,109,110,111,112,113,114,115,116,117,118,119,120,121,122,123,124,125,126,127,128	E,V,Q,L,V,E,S,G,G,-,D,L,V,K,S,G,G,S,L,K,L,S,C,A,A,S,G,F,T,F,-,-,-,-,S,N,Y,G,M,S,W,V,R,Q,T,P,D,K,R,L,E,W,V,A,T,I,S,D,G,-,-,G,R,Y,T,Y,Y,P,D,S,V,K,-,G,R,F,T,I,S,R,D,N,A,K,N,T,L,Y,L,Q,M,S,S,L,R,S,E,D,T,A,I,Y,Y,C,T,R,H,E,N,Y,-,D,D,L,F,A,Y,W,G,Q,G,T,L,V,T,V,S,A
Psanger_140076	Psanger	None	N295B/66R	HC	1	100	1	Sanger	ATGAAGCTGCCTGTTCTGCTAGTGGTGCTGCTATTGTTCACGAGTCCAGCCTCAAGCAGTGAGGTTCAGCTGCAGCAGTCTGGGGCAGAGTTTGTGAAGCCAGGGGCCTCAGTCAAGTTGTCCTGCACAGCTTCTGCCTTCAACATTAAAGACACCTATATAAACTGGGTGAAGCAGAGGCCTGAACAGGGCCTGGAGTGGGTTGGAGGGATTTATCCTGCGAATGGTAATACTAAATATGATCCGCAGTTCCAGGGCAAGGCCACTATAACAGCAGACGCATCCTCCAACACAGCCTACCTGCAACTCAGCAGCCTGACATCTGAGGACACTGCCGTCTATTACTGTACCTCTTTTGACTTCTGGGGCCAAGGCACCACTCTCACAGTCTCCTCGGCGCGCCCAACA		H	3.2e-53	170.1	20	131	imgt	0	MKLPVLLVVLLLFTSPASSS`EVQLQQSGAEFVKPGASVKLSCTASAFNIKDTYINWVKQRPEQGLEWVGGIYPANGNTKYDPQFQGKATITADASSNTAYLQLSSLTSEDTAVYYCTSFDFWGQGTTLTVS`SARPT	1,2,3,4,5,6,7,8,9,10,11,12,13,14,15,16,17,18,19,20,21,22,23,24,25,26,27,28,29,30,31,32,33,34,35,36,37,38,39,40,41,42,43,44,45,46,47,48,49,50,51,52,53,54,55,56,57,58,59,60,61,62,63,64,65,66,67,68,69,70,71,72,73,74,75,76,77,78,79,80,81,82,83,84,85,86,87,88,89,90,91,92,93,94,95,96,97,98,99,100,101,102,103,104,105,106,107,108,109,110,111,112,113,114,115,116,117,118,119,120,121,122,123,124,125,126,127,128	E,V,Q,L,Q,Q,S,G,A,-,E,F,V,K,P,G,A,S,V,K,L,S,C,T,A,S,A,F,N,I,-,-,-,-,K,D,T,Y,I,N,W,V,K,Q,R,P,E,Q,G,L,E,W,V,G,G,I,Y,P,A,-,-,N,G,N,T,K,Y,D,P,Q,F,Q,-,G,K,A,T,I,T,A,D,A,S,S,N,T,A,Y,L,Q,L,S,S,L,T,S,E,D,T,A,V,Y,Y,C,T,S,F,-,-,-,-,-,-,-,-,D,F,W,G,Q,G,T,T,L,T,V,S,S
Psanger_114490	Psanger	None	N321C/49R	HC	1	100	1	Sanger	GCCTCAAGCAGTGAGTTTCAGCTTCAGCAGTCTGGGGCAGAACTTGTGAGGTCAGGGGCCTCAGTCAAGTTGTCCTGCACAGCTTCTGGCTTCAACATTAAAGACTACCATTTGCACTGGATAAAACAGAGGCCTGAACAGGGCCTGGAATGGATTGGATGGATTGATCCTGAAAATGGTGCTACTGAATATGCCCCGAAGTTCCAGGGCAAGGCCACCATGACTGCAGACACATTTTCCAACACAGCCTACCTGCACCTCAGCAGTCTGACATCTGAGGACACTGCCGTCTATTACTGTAATGCCCAATATGGTCACCGCTGGGGCCAAGGCACCACTCTCACAGTCTCCTC		H	5.2e-50	159.7	4	117	imgt	0	ASSS`EFQLQQSGAELVRSGASVKLSCTASGFNIKDYHLHWIKQRPEQGLEWIGWIDPENGATEYAPKFQGKATMTADTFSNTAYLHLSSLTSEDTAVYYCNAQYGHRWGQGTTLTVS`S	1,2,3,4,5,6,7,8,9,10,11,12,13,14,15,16,17,18,19,20,21,22,23,24,25,26,27,28,29,30,31,32,33,34,35,36,37,38,39,40,41,42,43,44,45,46,47,48,49,50,51,52,53,54,55,56,57,58,59,60,61,62,63,64,65,66,67,68,69,70,71,72,73,74,75,76,77,78,79,80,81,82,83,84,85,86,87,88,89,90,91,92,93,94,95,96,97,98,99,100,101,102,103,104,105,106,107,108,109,110,111,112,113,114,115,116,117,118,119,120,121,122,123,124,125,126,127,128	E,F,Q,L,Q,Q,S,G,A,-,E,L,V,R,S,G,A,S,V,K,L,S,C,T,A,S,G,F,N,I,-,-,-,-,K,D,Y,H,L,H,W,I,K,Q,R,P,E,Q,G,L,E,W,I,G,W,I,D,P,E,-,-,N,G,A,T,E,Y,A,P,K,F,Q,-,G,K,A,T,M,T,A,D,T,F,S,N,T,A,Y,L,H,L,S,S,L,T,S,E,D,T,A,V,Y,Y,C,N,A,Q,Y,-,-,-,-,-,-,G,H,R,W,G,Q,G,T,T,L,T,V,S,S
Psanger_114480	Psanger	None	N323B/20R	HC	1	100	1	Sanger	ATGAAGCTGCCTGTTCTGCTAGTGGTGCTGCTATTGTTCACGAGTCCAGCCTCAAGCAGTGAGGTGCAGCTGGTAGAGACCGGGGGAGGCTTGGTGAGGCCTGGAAATTCTCTGAAACTCTCCTGTGTCACCTCGGGATTCACTTTCAGTAACTACCGGATGCACTGGCTTCGCCAGGTTACAGGAAAGAGGCTGGAGTGGATTGCTGTAATTCCAGTCAAATCTGATAATTATGGAGCAAATTATGCAGAGTCTGTGAAAGGCAGATTCACTATTTCAAGAGATGATTCAAAAAGCAGTGTCTACCTGCAGATGAACAGATTAAGAGAGGAAGACACTGCCACTTATTATTGTAGTAAGGGCTACGGCTACTCCACTTTTGCTTACTGGGGCCAAGGGACTCTGGTCACTGTCTCTGCGGCGCGCCCAACA		H	9.1e-54	171.8	20	139	imgt	0	MKLPVLLVVLLLFTSPASSS`EVQLVETGGGLVRPGNSLKLSCVTSGFTFSNYRMHWLRQVTGKRLEWIAVIPVKSDNYGANYAESVKGRFTISRDDSKSSVYLQMNRLREEDTATYYCSKGYGYSTFAYWGQGTLVTVS`AARPT	1,2,3,4,5,6,7,8,9,10,11,12,13,14,15,16,17,18,19,20,21,22,23,24,25,26,27,28,29,30,31,32,33,34,35,36,37,38,39,40,41,42,43,44,45,46,47,48,49,50,51,52,53,54,55,56,57,58,59,60,61,62,63,64,65,66,67,68,69,70,71,72,73,74,75,76,77,78,79,80,81,82,83,84,85,86,87,88,89,90,91,92,93,94,95,96,97,98,99,100,101,102,103,104,105,106,107,108,109,110,111,112,113,114,115,116,117,118,119,120,121,122,123,124,125,126,127,128	E,V,Q,L,V,E,T,G,G,-,G,L,V,R,P,G,N,S,L,K,L,S,C,V,T,S,G,F,T,F,-,-,-,-,S,N,Y,R,M,H,W,L,R,Q,V,T,G,K,R,L,E,W,I,A,V,I,P,V,K,S,D,N,Y,G,A,N,Y,A,E,S,V,K,-,G,R,F,T,I,S,R,D,D,S,K,S,S,V,Y,L,Q,M,N,R,L,R,E,E,D,T,A,T,Y,Y,C,S,K,G,Y,G,Y,-,-,S,T,F,A,Y,W,G,Q,G,T,L,V,T,V,S,A
Psanger_114510	Psanger	None	N326D/29R	HC	1	100	1	Sanger	GCCTCAAGCAGTCAGATCCAGTTCGTACAGTCTGGACCTGAGCTGAAGAAGCCTGGAGAGACAGTCAAGATCTCCTGCAAGGCTTCTGGTTATACCTTCACAGACTATTCAATCCACTGGGTGAAGCAGGCTCCAGGAAAGGGTTTAAAGTGGATGGGCTGGATAAACACTGAGACTGGTGAGCCAACATATACAGATGACTTCAAGGGACGGTTTGCCTTCTCTTTGGAAACCTCTGCCAGCACTGCCTATTTGCAGATCAACAACCTCAAAAATGAGGACACGGCTACATATTTCTGTGCTAGAGGGGATTCCTGGTTTGCTTACTGGGGCCAAGGGACTCTGGTCACTGTCTCTGC		H	9.9e-53	168.5	4	119	imgt	0	ASSS`QIQFVQSGPELKKPGETVKISCKASGYTFTDYSIHWVKQAPGKGLKWMGWINTETGEPTYTDDFKGRFAFSLETSASTAYLQINNLKNEDTATYFCARGDSWFAYWGQGTLVTVS`A	1,2,3,4,5,6,7,8,9,10,11,12,13,14,15,16,17,18,19,20,21,22,23,24,25,26,27,28,29,30,31,32,33,34,35,36,37,38,39,40,41,42,43,44,45,46,47,48,49,50,51,52,53,54,55,56,57,58,59,60,61,62,63,64,65,66,67,68,69,70,71,72,73,74,75,76,77,78,79,80,81,82,83,84,85,86,87,88,89,90,91,92,93,94,95,96,97,98,99,100,101,102,103,104,105,106,107,108,109,110,111,112,113,114,115,116,117,118,119,120,121,122,123,124,125,126,127,128	Q,I,Q,F,V,Q,S,G,P,-,E,L,K,K,P,G,E,T,V,K,I,S,C,K,A,S,G,Y,T,F,-,-,-,-,T,D,Y,S,I,H,W,V,K,Q,A,P,G,K,G,L,K,W,M,G,W,I,N,T,E,-,-,T,G,E,P,T,Y,T,D,D,F,K,-,G,R,F,A,F,S,L,E,T,S,A,S,T,A,Y,L,Q,I,N,N,L,K,N,E,D,T,A,T,Y,F,C,A,R,G,D,S,-,-,-,-,W,F,A,Y,W,G,Q,G,T,L,V,T,V,S,A
Psanger_114488	Psanger	None	N331/19R	HC	1	100	1	Sanger	GCCTCAAGCAGTGAGGTTCAGCTGCAGCAGTCTGGACCTGAACTGGTGAGGCCTGGGGCTTCAGTGAACATATCCTGCAAGACTTCTGAATACACATTCACTGAATACACCATGCACTGGGTGAAACAGAGCCCTGGAAAGAGCCTTGAGTGGATTGGAGGTATTAATCCTGACAATGGTATTACTACCTACAACCAGAAGTTCAAGGGCAAGGCCGCATTGACTGTAGACAAGTCCTCCAGCGCCGCCTACATGGAGCTCCGCAGCCTGACATCTGAAGATTCTGCGGTCTATTACTGTGCAAGATCCCATTACTACGGTAGTATCTACGGCTACTGGGGCCAAGGCACCACTCTCACAGTCTCCTC		H	5.4e-57	182.3	4	122	imgt	0	ASSS`EVQLQQSGPELVRPGASVNISCKTSEYTFTEYTMHWVKQSPGKSLEWIGGINPDNGITTYNQKFKGKAALTVDKSSSAAYMELRSLTSEDSAVYYCARSHYYGSIYGYWGQGTTLTVS`S	1,2,3,4,5,6,7,8,9,10,11,12,13,14,15,16,17,18,19,20,21,22,23,24,25,26,27,28,29,30,31,32,33,34,35,36,37,38,39,40,41,42,43,44,45,46,47,48,49,50,51,52,53,54,55,56,57,58,59,60,61,62,63,64,65,66,67,68,69,70,71,72,73,74,75,76,77,78,79,80,81,82,83,84,85,86,87,88,89,90,91,92,93,94,95,96,97,98,99,100,101,102,103,104,105,106,107,108,109,110,111,112,113,114,115,116,117,118,119,120,121,122,123,124,125,126,127,128	E,V,Q,L,Q,Q,S,G,P,-,E,L,V,R,P,G,A,S,V,N,I,S,C,K,T,S,E,Y,T,F,-,-,-,-,T,E,Y,T,M,H,W,V,K,Q,S,P,G,K,S,L,E,W,I,G,G,I,N,P,D,-,-,N,G,I,T,T,Y,N,Q,K,F,K,-,G,K,A,A,L,T,V,D,K,S,S,S,A,A,Y,M,E,L,R,S,L,T,S,E,D,S,A,V,Y,Y,C,A,R,S,H,Y,Y,-,G,S,I,Y,G,Y,W,G,Q,G,T,T,L,T,V,S,S
Psanger_114494	Psanger	None	N34/34.2R	HC	1	100	1	Sanger	GCCTCAAGCAGTCAGGTCCAACTGCAGCAGCCTGGGGCTGAGCTTGTGAAGCCTGGGGCTTCAATGAAGCTGTCCTGCAAGGCTTCTGGCTACACCTTCACCAGCTACTGGATACACTGGGTGAAGCAGAGGCCTGGACAAGGCCTTGAGTGGATCGGAGAGATTGATCCTTCTGATAGTTATACTAACTACAATCAAAATTTCAAGGGCAAGGCCACATTGACTGTTGACAAATCCTCCAGCACAGCCTACATGCAGCTCAGCAGCCTGACATCTGAGGACTCTGCGGTCTATTACTGTGCAACCGACGGCCCCTTTGCTTACTGGGGCCAAGGGACTCTGGTCACTGTCTCTGC		H	1.5e-58	187.3	4	118	imgt	0	ASSS`QVQLQQPGAELVKPGASMKLSCKASGYTFTSYWIHWVKQRPGQGLEWIGEIDPSDSYTNYNQNFKGKATLTVDKSSSTAYMQLSSLTSEDSAVYYCATDGPFAYWGQGTLVTVS`A	1,2,3,4,5,6,7,8,9,10,11,12,13,14,15,16,17,18,19,20,21,22,23,24,25,26,27,28,29,30,31,32,33,34,35,36,37,38,39,40,41,42,43,44,45,46,47,48,49,50,51,52,53,54,55,56,57,58,59,60,61,62,63,64,65,66,67,68,69,70,71,72,73,74,75,76,77,78,79,80,81,82,83,84,85,86,87,88,89,90,91,92,93,94,95,96,97,98,99,100,101,102,103,104,105,106,107,108,109,110,111,112,113,114,115,116,117,118,119,120,121,122,123,124,125,126,127,128	Q,V,Q,L,Q,Q,P,G,A,-,E,L,V,K,P,G,A,S,M,K,L,S,C,K,A,S,G,Y,T,F,-,-,-,-,T,S,Y,W,I,H,W,V,K,Q,R,P,G,Q,G,L,E,W,I,G,E,I,D,P,S,-,-,D,S,Y,T,N,Y,N,Q,N,F,K,-,G,K,A,T,L,T,V,D,K,S,S,S,T,A,Y,M,Q,L,S,S,L,T,S,E,D,S,A,V,Y,Y,C,A,T,D,G,-,-,-,-,-,P,F,A,Y,W,G,Q,G,T,L,V,T,V,S,A
Psanger_114503	Psanger	None	N341/37R	HC	1	100	1	Sanger	GCCTCAAGCAGTGAGGTGATGCTGGTGGAGTCTGGTGGAGGATTGATGCAGCCTAAAGGGTCATTGAAACTCTCATGTGCAGCCTCTGGATTCACCTTCAATATTTATGCCATGAACTGGGTCCGCCAGGCTCCAGGAAAGGGTTTGGAATGGGTTGCTCGCATAAGAAGTAAAAATAATAATCATGCAACATATTATGCCGATTCAGTGAAAGACAGGTTCACCATCTCCAGAGATGATTCACAAAGCATGCTCTATCTGCAAATGAACAACTTGAAAACTGAGGACACAGCCATGTATTACTGTGTGAGACAGGATTACGACCCTTTTGCTTATTGGGGCCAAGGGACTCTGGTCACTGTCTCTGC		H	2.7e-56	180.3	4	122	imgt	0	ASSS`EVMLVESGGGLMQPKGSLKLSCAASGFTFNIYAMNWVRQAPGKGLEWVARIRSKNNNHATYYADSVKDRFTISRDDSQSMLYLQMNNLKTEDTAMYYCVRQDYDPFAYWGQGTLVTVS`A	1,2,3,4,5,6,7,8,9,10,11,12,13,14,15,16,17,18,19,20,21,22,23,24,25,26,27,28,29,30,31,32,33,34,35,36,37,38,39,40,41,42,43,44,45,46,47,48,49,50,51,52,53,54,55,56,57,58,59,60,61,62,63,64,65,66,67,68,69,70,71,72,73,74,75,76,77,78,79,80,81,82,83,84,85,86,87,88,89,90,91,92,93,94,95,96,97,98,99,100,101,102,103,104,105,106,107,108,109,110,111,112,113,114,115,116,117,118,119,120,121,122,123,124,125,126,127,128	E,V,M,L,V,E,S,G,G,-,G,L,M,Q,P,K,G,S,L,K,L,S,C,A,A,S,G,F,T,F,-,-,-,-,N,I,Y,A,M,N,W,V,R,Q,A,P,G,K,G,L,E,W,V,A,R,I,R,S,K,N,N,N,H,A,T,Y,Y,A,D,S,V,K,-,D,R,F,T,I,S,R,D,D,S,Q,S,M,L,Y,L,Q,M,N,N,L,K,T,E,D,T,A,M,Y,Y,C,V,R,Q,D,Y,-,-,-,D,P,F,A,Y,W,G,Q,G,T,L,V,T,V,S,A
Psanger_114484	Psanger	None	N346/9R	HC	1	100	1	Sanger	GCCTCAAGCAGTGAGGTGAAGCTGATGGAATCTGGAGGAGACTTGGTGCAACCTGGAGGATCCATGAAACTCTCCTGTGTTGCCTCTGGATTCACTTTCAGTAACTACTGGATGAATTGGGTCCGCCAGTCTCCAGAGAAGGGGCTTGAGTGGGTTGCTGACATTAGATTGAAATCTCATAATTATGCAACACATTATGCGGAGTCTGTGAAAGGGAGGTTCACCATCTCAAGAGATGATTCCAAAAGTAGTGTCGACCTGCAAATGAACAACTTAAGAGCTGAAGACACTGGCATTTATTACTGTACAGCCTTTAGGTACGACGAGGACTACTGGGGCCAAGGCACCACTCTCACAGTCTCCTC		H	5.1e-53	169.4	4	121	imgt	0	ASSS`EVKLMESGGDLVQPGGSMKLSCVASGFTFSNYWMNWVRQSPEKGLEWVADIRLKSHNYATHYAESVKGRFTISRDDSKSSVDLQMNNLRAEDTGIYYCTAFRYDEDYWGQGTTLTVS`S	1,2,3,4,5,6,7,8,9,10,11,12,13,14,15,16,17,18,19,20,21,22,23,24,25,26,27,28,29,30,31,32,33,34,35,36,37,38,39,40,41,42,43,44,45,46,47,48,49,50,51,52,53,54,55,56,57,58,59,60,61,62,63,64,65,66,67,68,69,70,71,72,73,74,75,76,77,78,79,80,81,82,83,84,85,86,87,88,89,90,91,92,93,94,95,96,97,98,99,100,101,102,103,104,105,106,107,108,109,110,111,112,113,114,115,116,117,118,119,120,121,122,123,124,125,126,127,128	E,V,K,L,M,E,S,G,G,-,D,L,V,Q,P,G,G,S,M,K,L,S,C,V,A,S,G,F,T,F,-,-,-,-,S,N,Y,W,M,N,W,V,R,Q,S,P,E,K,G,L,E,W,V,A,D,I,R,L,K,S,H,N,Y,A,T,H,Y,A,E,S,V,K,-,G,R,F,T,I,S,R,D,D,S,K,S,S,V,D,L,Q,M,N,N,L,R,A,E,D,T,G,I,Y,Y,C,T,A,F,R,Y,-,-,-,-,D,E,D,Y,W,G,Q,G,T,T,L,T,V,S,S
Psanger_114485	Psanger	None	N348/82R	HC	1	100	1	Sanger	GCCTCAAGCAGTCAGGTCCAACTGCAGCAGCCTGACACTGAGTTGGTGAAACCTGGGGCTTCAGTGAAGATATCCTGCAAGGCTTCTGGCTACACCTTCACTGACCATGCTATTCACTGGGTGAAACAGAGGCCTGAACAGGGCCTGGAATGGATTGGATATATTTCTCCCGGAAATGGTGATTTTAAGTACAATGAGAAGTTCAAGGGCAAGGCCACACTGACTGCAGACAAATCCTCCAGCACTGCCTACATGCAGCTCAACAGCCTGACATCTGAGGATTCTGCAGTTTATTTCTGTAAAACTACGGCCTCATATTACTATCCTATGGACTACTGGGGTCAAGGAACCTCAGTCACCGTCTCCTC        		H	4.1e-57	182.7	4	122	imgt	0	ASSS`QVQLQQPDTELVKPGASVKISCKASGYTFTDHAIHWVKQRPEQGLEWIGYISPGNGDFKYNEKFKGKATLTADKSSSTAYMQLNSLTSEDSAVYFCKTTASYYYPMDYWGQGTSVTVS`S	1,2,3,4,5,6,7,8,9,10,11,12,13,14,15,16,17,18,19,20,21,22,23,24,25,26,27,28,29,30,31,32,33,34,35,36,37,38,39,40,41,42,43,44,45,46,47,48,49,50,51,52,53,54,55,56,57,58,59,60,61,62,63,64,65,66,67,68,69,70,71,72,73,74,75,76,77,78,79,80,81,82,83,84,85,86,87,88,89,90,91,92,93,94,95,96,97,98,99,100,101,102,103,104,105,106,107,108,109,110,111,112,113,114,115,116,117,118,119,120,121,122,123,124,125,126,127,128	Q,V,Q,L,Q,Q,P,D,T,-,E,L,V,K,P,G,A,S,V,K,I,S,C,K,A,S,G,Y,T,F,-,-,-,-,T,D,H,A,I,H,W,V,K,Q,R,P,E,Q,G,L,E,W,I,G,Y,I,S,P,G,-,-,N,G,D,F,K,Y,N,E,K,F,K,-,G,K,A,T,L,T,A,D,K,S,S,S,T,A,Y,M,Q,L,N,S,L,T,S,E,D,S,A,V,Y,F,C,K,T,T,A,S,Y,-,Y,Y,P,M,D,Y,W,G,Q,G,T,S,V,T,V,S,S
Psanger_128639	Psanger	None	N351/23R	HC	1	100	1	Sanger	ATGAAGCTGCCTGTTCTGCTAGTGGTGCTGCTATTGTTCACGAGTCCAGCCTCAAGCAGTCAGGTCCAACTGCAGCAGCCTGGACCTGAACTGGTAAAGCCTGGGGCTTCAGTGAAGATGTCCTGCAAGGCTTCTGGATACACATTCACTAGCTATGTTATGCTCTGGGTGAAGCAGAAGCCTGGGCAGGGCCTTGAGTGGATTGGATATATTGTTCCTTACAATGATGGTGCTAAGTACAATGAGAAGTTCAAAGGCAAGGCCACACTGACTTCAGACAAATCCTCCAGCACAGCCTACATGGACCTCAGCAGCCTGACCTCTGAGGACTCTGCGGTCTATTACTGTACAAGATGGGGGGACTACGGGGTTGTAGCCGACTACTGGGGCCAAGGCACCACTCTCACAGTCTCCTCGGCGCGCCCAACA		H	6.5e-57	182.0	20	138	imgt	0	MKLPVLLVVLLLFTSPASSS`QVQLQQPGPELVKPGASVKMSCKASGYTFTSYVMLWVKQKPGQGLEWIGYIVPYNDGAKYNEKFKGKATLTSDKSSSTAYMDLSSLTSEDSAVYYCTRWGDYGVVADYWGQGTTLTVS`SARPT	1,2,3,4,5,6,7,8,9,10,11,12,13,14,15,16,17,18,19,20,21,22,23,24,25,26,27,28,29,30,31,32,33,34,35,36,37,38,39,40,41,42,43,44,45,46,47,48,49,50,51,52,53,54,55,56,57,58,59,60,61,62,63,64,65,66,67,68,69,70,71,72,73,74,75,76,77,78,79,80,81,82,83,84,85,86,87,88,89,90,91,92,93,94,95,96,97,98,99,100,101,102,103,104,105,106,107,108,109,110,111,112,113,114,115,116,117,118,119,120,121,122,123,124,125,126,127,128	Q,V,Q,L,Q,Q,P,G,P,-,E,L,V,K,P,G,A,S,V,K,M,S,C,K,A,S,G,Y,T,F,-,-,-,-,T,S,Y,V,M,L,W,V,K,Q,K,P,G,Q,G,L,E,W,I,G,Y,I,V,P,Y,-,-,N,D,G,A,K,Y,N,E,K,F,K,-,G,K,A,T,L,T,S,D,K,S,S,S,T,A,Y,M,D,L,S,S,L,T,S,E,D,S,A,V,Y,Y,C,T,R,W,G,D,Y,-,G,V,V,A,D,Y,W,G,Q,G,T,T,L,T,V,S,S
Psanger_114486	Psanger	None	N353/13R	HC	1	100	1	Sanger	GCCTCAAGCAGTCAGGTCCAACTGCAGCAGTCTGGACCTGAGCTGGTGAAGCCTGGGGCTTCAGTGAAGGTATCCTGCAAGGCTTCTGGTTACTCATTCACTGACTACAGCATGTACTGGGTGAAGCAGAGCCATGGAAAGAGCCTTGAGTGGATTGGATATTTTGATCCTTACAATGGTGGTCCTGACTACAACCAGAACTTCAAGGACAAGGCCACATTGACTGTTGACAAGTCCTCCAGCACAGCCTTCATGCATCTCAACAGCCTGACATCTGAGGACTCTGCAGTCTATTACTGTGCAAGATCCCCGGGGACTTGGTACTTCGATGTCTGGGGCGCAGGGACCACGGTCACCGTCTCCTC		H	3.8e-56	179.6	4	121	imgt	0	ASSS`QVQLQQSGPELVKPGASVKVSCKASGYSFTDYSMYWVKQSHGKSLEWIGYFDPYNGGPDYNQNFKDKATLTVDKSSSTAFMHLNSLTSEDSAVYYCARSPGTWYFDVWGAGTTVTVS`S	1,2,3,4,5,6,7,8,9,10,11,12,13,14,15,16,17,18,19,20,21,22,23,24,25,26,27,28,29,30,31,32,33,34,35,36,37,38,39,40,41,42,43,44,45,46,47,48,49,50,51,52,53,54,55,56,57,58,59,60,61,62,63,64,65,66,67,68,69,70,71,72,73,74,75,76,77,78,79,80,81,82,83,84,85,86,87,88,89,90,91,92,93,94,95,96,97,98,99,100,101,102,103,104,105,106,107,108,109,110,111,112,113,114,115,116,117,118,119,120,121,122,123,124,125,126,127,128	Q,V,Q,L,Q,Q,S,G,P,-,E,L,V,K,P,G,A,S,V,K,V,S,C,K,A,S,G,Y,S,F,-,-,-,-,T,D,Y,S,M,Y,W,V,K,Q,S,H,G,K,S,L,E,W,I,G,Y,F,D,P,Y,-,-,N,G,G,P,D,Y,N,Q,N,F,K,-,D,K,A,T,L,T,V,D,K,S,S,S,T,A,F,M,H,L,N,S,L,T,S,E,D,S,A,V,Y,Y,C,A,R,S,P,G,T,-,-,W,Y,F,D,V,W,G,A,G,T,T,V,T,V,S,S
Psanger_114483	Psanger	None	N355/1R	HC	1	100	1	Sanger	GCCTCAAGCAGTGAGGTGAAGCTGGTGGAATCTGGGGGAGACTTAGTGAAGCCTGGAGGGTCCCTGAAACTCTCCTGTGCAGCCTCTGGATTCACTTTCAGTAGGTATGGCATGTCTTGGGTTCGCCAGATTTCAGACAAGAGGCTGGAGTGGGTCGCAACTATTAGTCGTGGTGGTAGTTACACCTACTATCCAGACAGTGTGAGGGGGCGATTCACCATCTCCAGAGACAATGCCAAGAACACCCTGTACCTGCAAATGAGCAGTCTGAAGTCTGAGGACACAGCCATGTATTACTGTGCAAGACATGTCTATGATTACGACAGGGGAGATTCTATGGACTACTGGGGTCAAGGAACCTCAGTCACCGTCTCCTC		H	9.7e-58	185.0	4	125	imgt	0	ASSS`EVKLVESGGDLVKPGGSLKLSCAASGFTFSRYGMSWVRQISDKRLEWVATISRGGSYTYYPDSVRGRFTISRDNAKNTLYLQMSSLKSEDTAMYYCARHVYDYDRGDSMDYWGQGTSVTVS`S	1,2,3,4,5,6,7,8,9,10,11,12,13,14,15,16,17,18,19,20,21,22,23,24,25,26,27,28,29,30,31,32,33,34,35,36,37,38,39,40,41,42,43,44,45,46,47,48,49,50,51,52,53,54,55,56,57,58,59,60,61,62,63,64,65,66,67,68,69,70,71,72,73,74,75,76,77,78,79,80,81,82,83,84,85,86,87,88,89,90,91,92,93,94,95,96,97,98,99,100,101,102,103,104,105,106,107,108,109,110,111,111,112,112,113,114,115,116,117,118,119,120,121,122,123,124,125,126,127,128	E,V,K,L,V,E,S,G,G,-,D,L,V,K,P,G,G,S,L,K,L,S,C,A,A,S,G,F,T,F,-,-,-,-,S,R,Y,G,M,S,W,V,R,Q,I,S,D,K,R,L,E,W,V,A,T,I,S,R,G,-,-,G,S,Y,T,Y,Y,P,D,S,V,R,-,G,R,F,T,I,S,R,D,N,A,K,N,T,L,Y,L,Q,M,S,S,L,K,S,E,D,T,A,M,Y,Y,C,A,R,H,V,Y,D,Y,A,A,G,D,S,M,D,Y,W,G,Q,G,T,S,V,T,V,S,S
Psanger_114499	Psanger	None	N356/23R	HC	1	100	1	Sanger	GCCTCAAGCAGTGAGGTGCAGCTGGTGGAGTCTGGGGCTGAGCTGGTGAGGCCTGGGGCTTCAGTGACGCTGTCCTGCAAGGCTTCGGGCTACACATTTACTGACTATGAAATGCACTGGGTGAAGCAGACACCTGTGCATGGCCTGGAATGGATTGGAGCTATTGATCCTGAAACTGGTGGTACTGCCTACAATCAGAAGTTCAAGGGCAAGGCCACACTGACTGCAGACAAATCCTCCAGCACAGCCTACATGGAGCTCCGCAGCCTGACATCTGAGGACTCTGCCGTCTATTTCTGTACAAGAGCTGATTACGAGGAGTACTGGGGCCAAGGCACCACTCTCACAGTCTCCTC		H	5.3e-55	175.8	4	118	imgt	0	ASSS`EVQLVESGAELVRPGASVTLSCKASGYTFTDYEMHWVKQTPVHGLEWIGAIDPETGGTAYNQKFKGKATLTADKSSSTAYMELRSLTSEDSAVYFCTRADYEEYWGQGTTLTVS`S	1,2,3,4,5,6,7,8,9,10,11,12,13,14,15,16,17,18,19,20,21,22,23,24,25,26,27,28,29,30,31,32,33,34,35,36,37,38,39,40,41,42,43,44,45,46,47,48,49,50,51,52,53,54,55,56,57,58,59,60,61,62,63,64,65,66,67,68,69,70,71,72,73,74,75,76,77,78,79,80,81,82,83,84,85,86,87,88,89,90,91,92,93,94,95,96,97,98,99,100,101,102,103,104,105,106,107,108,109,110,111,112,113,114,115,116,117,118,119,120,121,122,123,124,125,126,127,128	E,V,Q,L,V,E,S,G,A,-,E,L,V,R,P,G,A,S,V,T,L,S,C,K,A,S,G,Y,T,F,-,-,-,-,T,D,Y,E,M,H,W,V,K,Q,T,P,V,H,G,L,E,W,I,G,A,I,D,P,E,-,-,T,G,G,T,A,Y,N,Q,K,F,K,-,G,K,A,T,L,T,A,D,K,S,S,S,T,A,Y,M,E,L,R,S,L,T,S,E,D,S,A,V,Y,F,C,T,R,A,D,-,-,-,-,-,Y,E,E,Y,W,G,Q,G,T,T,L,T,V,S,S
Psanger_114495	Psanger	None	N359/28R	HC	1	100	1	Sanger	GCCTCAAGCAGTGAGGTTCAGCTGCAGCAGTCTGGACCTGAGCTGGTGAAGCCTGGGGCTTCAGTGAAGATATCCTGCAAGACTTCTGGATACACTTTCACTGAATACAGCATGCACTGGGTGCGGCAGAGCCATGGAAAGAGCCTTGAATGGATTGGAGGTGTTAATCCTAATAATGGTGGTACTAGCTACAACCAGAAGTTCAAGGGCAAGGCCACATTGACTGTAGACAAGTCCTCCAGCACAGCCTACATGTATCTCCGCAGCCTGACATCTGAGGATTCTGCAGTCTATTACTGTTCAAGATCAGGATACTACGCCTTTGGTTACTGGGGCCAAGGGACTCTGGTCACTGTCTCTGC        		H	6.5e-57	182.0	4	120	imgt	0	ASSS`EVQLQQSGPELVKPGASVKISCKTSGYTFTEYSMHWVRQSHGKSLEWIGGVNPNNGGTSYNQKFKGKATLTVDKSSSTAYMYLRSLTSEDSAVYYCSRSGYYAFGYWGQGTLVTVS`A	1,2,3,4,5,6,7,8,9,10,11,12,13,14,15,16,17,18,19,20,21,22,23,24,25,26,27,28,29,30,31,32,33,34,35,36,37,38,39,40,41,42,43,44,45,46,47,48,49,50,51,52,53,54,55,56,57,58,59,60,61,62,63,64,65,66,67,68,69,70,71,72,73,74,75,76,77,78,79,80,81,82,83,84,85,86,87,88,89,90,91,92,93,94,95,96,97,98,99,100,101,102,103,104,105,106,107,108,109,110,111,112,113,114,115,116,117,118,119,120,121,122,123,124,125,126,127,128	E,V,Q,L,Q,Q,S,G,P,-,E,L,V,K,P,G,A,S,V,K,I,S,C,K,T,S,G,Y,T,F,-,-,-,-,T,E,Y,S,M,H,W,V,R,Q,S,H,G,K,S,L,E,W,I,G,G,V,N,P,N,-,-,N,G,G,T,S,Y,N,Q,K,F,K,-,G,K,A,T,L,T,V,D,K,S,S,S,T,A,Y,M,Y,L,R,S,L,T,S,E,D,S,A,V,Y,Y,C,S,R,S,G,Y,-,-,-,Y,A,F,G,Y,W,G,Q,G,T,L,V,T,V,S,A
Psanger_114479	Psanger	None	N388A/10R	HC	1	100	1	Sanger	GCCTCAAGCAGTCAGGTGCAGATGAAGGAGTCAGGACCTGGCCTGGTGGCACCCTCACAGAGCCTGTCCATCACATGCACTGTCTCTGGGTTCTCTTTATCCAGATATGGTGTACACTGGGTTCGCCAGCCTCCAGGAAAGGGTCTGGAGTGGCTGGGAATGATATGGGGTGGTGGAAGCACAGACTATAATTCAGCTCTCAAATCCAGACTGAGCATCAGCAAGGACAATTCCAAGAGCCAAGTTTTCTTAAAGATGAACAGTCTGCAAATTGATGACACAGCCATGTACTACTGTGCCAGCGGTAACTACCCTGCTATGGACTACTGGGGTCAAGGAACCTCAGTCACCGTCTCCTC        		H	2.2e-54	173.9	4	119	imgt	0	ASSS`QVQMKESGPGLVAPSQSLSITCTVSGFSLSRYGVHWVRQPPGKGLEWLGMIWGGGSTDYNSALKSRLSISKDNSKSQVFLKMNSLQIDDTAMYYCASGNYPAMDYWGQGTSVTVS`S	1,2,3,4,5,6,7,8,9,10,11,12,13,14,15,16,17,18,19,20,21,22,23,24,25,26,27,28,29,30,31,32,33,34,35,36,37,38,39,40,41,42,43,44,45,46,47,48,49,50,51,52,53,54,55,56,57,58,59,60,61,62,63,64,65,66,67,68,69,70,71,72,73,74,75,76,77,78,79,80,81,82,83,84,85,86,87,88,89,90,91,92,93,94,95,96,97,98,99,100,101,102,103,104,105,106,107,108,109,110,111,112,113,114,115,116,117,118,119,120,121,122,123,124,125,126,127,128	Q,V,Q,M,K,E,S,G,P,-,G,L,V,A,P,S,Q,S,L,S,I,T,C,T,V,S,G,F,S,L,-,-,-,-,S,R,Y,G,V,H,W,V,R,Q,P,P,G,K,G,L,E,W,L,G,M,I,W,G,G,-,-,-,G,S,T,D,Y,N,S,A,L,K,-,S,R,L,S,I,S,K,D,N,S,K,S,Q,V,F,L,K,M,N,S,L,Q,I,D,D,T,A,M,Y,Y,C,A,S,G,N,Y,-,-,-,P,A,M,D,Y,W,G,Q,G,T,S,V,T,V,S,S
Psanger_128640	Psanger	None	N388A/60R	HC	1	100	1	Sanger	ATGAAGCTGCCTGTTCTGCTAGTGGTGCTGCTATTGTTCACGAGTCCAGCCTCAAGCAGTGAGGTGAAGCTGGTGGAATCTGGGGGAGGCTTAGTGAAGCCTGGAGGGTCCCTGAAACTCTCCTGTGCAGCCTCTGGAATCGCTTTCAGTGACTATGACATGTCTTGGGTTCGCCAGACTCCGGAGAAGAGGCTGGAGTGGGTCGCATTCATCAGTAGTGGTGATGGTTACACCTACTACTCAGACACTGTGAAGGGCCGATTCACCATCTCCAGAGGCAATGCCAAGAACACCCTGTACCTGCAAATGAGTAGTCTGAAGTCTGAGGACACAGCCATGTATTACTGTGCAAGACACGGGGACCACGGTAGTAGCTACTTTGCTTACTGGGGCCAAGGGACTCTGGTCACTGTCTCTGCGGCGCGCCCAACA		H	1.9e-59	190.5	20	139	imgt	0	MKLPVLLVVLLLFTSPASSS`EVKLVESGGGLVKPGGSLKLSCAASGIAFSDYDMSWVRQTPEKRLEWVAFISSGDGYTYYSDTVKGRFTISRGNAKNTLYLQMSSLKSEDTAMYYCARHGDHGSSYFAYWGQGTLVTVS`AARPT	1,2,3,4,5,6,7,8,9,10,11,12,13,14,15,16,17,18,19,20,21,22,23,24,25,26,27,28,29,30,31,32,33,34,35,36,37,38,39,40,41,42,43,44,45,46,47,48,49,50,51,52,53,54,55,56,57,58,59,60,61,62,63,64,65,66,67,68,69,70,71,72,73,74,75,76,77,78,79,80,81,82,83,84,85,86,87,88,89,90,91,92,93,94,95,96,97,98,99,100,101,102,103,104,105,106,107,108,109,110,111,112,113,114,115,116,117,118,119,120,121,122,123,124,125,126,127,128	E,V,K,L,V,E,S,G,G,-,G,L,V,K,P,G,G,S,L,K,L,S,C,A,A,S,G,I,A,F,-,-,-,-,S,D,Y,D,M,S,W,V,R,Q,T,P,E,K,R,L,E,W,V,A,F,I,S,S,G,-,-,D,G,Y,T,Y,Y,S,D,T,V,K,-,G,R,F,T,I,S,R,G,N,A,K,N,T,L,Y,L,Q,M,S,S,L,K,S,E,D,T,A,M,Y,Y,C,A,R,H,G,D,H,G,S,S,Y,F,A,Y,W,G,Q,G,T,L,V,T,V,S,A
Psanger_114478	Psanger	None	N413/67R	HC	1	100	1	Sanger	GCCTCAAGCAGTGAGGTTCAGCTCCAGCAGTCTGGACCTGAGCTGGTGAAGCCTGGGCTTCAGTGAAGATTTCCTGCAAGGCTTCTGGTTACTCATTTACTGGCTACTTTATGAACTGGGTGAAGCAGAGCCATGGAAAGAGCCTTGAGTGGATTGGACGTATTAATACTTACAATGGTGGTACTTTCTACAACCAGAAGTTCAAGGGCAAGGCCACATTGACTGTCGACAAATCCTCTACCACAGCCCACATGGAGCTCCTGAGCCTGACATCTGAGGACTCTGCAGTCTATTATTGTGGAAGAGGGGGAACGACAGGGACTTTTGACTACTGGGGCCAGGGCACCACTCTCACAGTCTCCTC		H	8.1e-47	149.4	5	107	imgt	2	LKQ*GSAPAVWT*AGEAW`ASVKISCKASGYSFTGYFMNWVKQSHGKSLEWIGRINTYNGGTFYNQKFKGKATLTVDKSSTTAHMELLSLTSEDSAVYYCGRGGTTGTFDYWGQGTTLTVS`S	1,2,3,4,5,6,7,8,9,10,11,12,13,14,15,16,17,18,19,20,21,22,23,24,25,26,27,28,29,30,31,32,33,34,35,36,37,38,39,40,41,42,43,44,45,46,47,48,49,50,51,52,53,54,55,56,57,58,59,60,61,62,63,64,65,66,67,68,69,70,71,72,73,74,75,76,77,78,79,80,81,82,83,84,85,86,87,88,89,90,91,92,93,94,95,96,97,98,99,100,101,102,103,104,105,106,107,108,109,110,111,112,113,114,115,116,117,118,119,120,121,122,123,124,125,126,127,128	-,-,-,-,-,-,-,-,-,-,-,-,-,-,-,-,A,S,V,K,I,S,C,K,A,S,G,Y,S,F,-,-,-,-,T,G,Y,F,M,N,W,V,K,Q,S,H,G,K,S,L,E,W,I,G,R,I,N,T,Y,-,-,N,G,G,T,F,Y,N,Q,K,F,K,-,G,K,A,T,L,T,V,D,K,S,S,T,T,A,H,M,E,L,L,S,L,T,S,E,D,S,A,V,Y,Y,C,G,R,G,G,T,T,-,-,G,T,F,D,Y,W,G,Q,G,T,T,L,T,V,S,S
Psanger_114552	Psanger	None	N419/40R	HC	1	100	1	Sanger	TTCACGAGTCCAGCCTCAAGCAGTGAGGTTCAGCTGCAGCAGTCTGGAGCTGAGGTGATGAAGCCTGGGGCCTCAGTGAGGATTTCCTGCAAGGCTACTGGCTACACATTCAGTAGCGACTGGATAGAGTGGGTAAAGCAGAGGCCTGGACATGGCCTTGAGTGGATTGGAGAGATTTTACCTGGAAGTGGCAGTACTAACTACAATGAGAAGTTCAAGGGCAAGGCCACATTCACTGCAGATACATCCTCCAACACAGCCTACATGCAACTCAGCAGCCTGACATCTGAGGACTCTGCCGTCTATTACTGTGCAAGAACTGTTTTGTTTGCTTACTGGGGCCAGGGGACTCTGGTCACTTCTCTGCGGCGCGCCCAACAGCCCCATCGGTCTATCCACTGGCCCCTGTGTGTGAAGATACAACTGTCATACGG		H	1.1e-54	174.8	8	122	imgt	0	FTSPASSS`EVQLQQSGAEVMKPGASVRISCKATGYTFSSDWIEWVKQRPGHGLEWIGEILPGSGSTNYNEKFKGKATFTADTSSNTAYMQLSSLTSEDSAVYYCARTVLFAYWGQGTLVTSL`RRAQQPHRSIHWPLCVKIQLSYG	1,2,3,4,5,6,7,8,9,10,11,12,13,14,15,16,17,18,19,20,21,22,23,24,25,26,27,28,29,30,31,32,33,34,35,36,37,38,39,40,41,42,43,44,45,46,47,48,49,50,51,52,53,54,55,56,57,58,59,60,61,62,63,64,65,66,67,68,69,70,71,72,73,74,75,76,77,78,79,80,81,82,83,84,85,86,87,88,89,90,91,92,93,94,95,96,97,98,99,100,101,102,103,104,105,106,107,108,109,110,111,112,113,114,115,116,117,118,119,120,121,122,123,124,125,126,127,128	E,V,Q,L,Q,Q,S,G,A,-,E,V,M,K,P,G,A,S,V,R,I,S,C,K,A,T,G,Y,T,F,-,-,-,-,S,S,D,W,I,E,W,V,K,Q,R,P,G,H,G,L,E,W,I,G,E,I,L,P,G,-,-,S,G,S,T,N,Y,N,E,K,F,K,-,G,K,A,T,F,T,A,D,T,S,S,N,T,A,Y,M,Q,L,S,S,L,T,S,E,D,S,A,V,Y,Y,C,A,R,T,V,-,-,-,-,-,L,F,A,Y,W,G,Q,G,T,L,V,T,S,L,R
Psanger_114553	Psanger	None	N419/78R	HC	1	100	1	Sanger	TCACGAGTCCAGCCTCAAGCAGTGAGGTGAAGCTGCAGCAGTCTGGACCTGAGCTGGTGAAGCCTGGGGCTTCAGTGAAGATATCCTGCAAGACTTCTGGATACACATTCACTGAATACACCATGCACTGGGTGAAGCAGAGCCATGGAAAGAGCCTTGAGTGGATTGGAGGTATTTATCCTAACAATGGTGGTACTACCTACAAGCAGAAGTTCAAGGGCAAGGCCACATTGACTGTAGACAAGTCCTCCAGCACAGCCTACATGGAGCTCCGCAGCCTGACATCTGACGATTCTGCAGTCTATTACTGTGCAAGAGGGGAAGGCTTGGATGATTACGACAAGGTTGCTTACTGGGGCCAAGGGACCACGGTCACCGTCTCTGC		H	3.2e-57	183.0	7	127	imgt	2	TSPASSS`EVKLQQSGPELVKPGASVKISCKTSGYTFTEYTMHWVKQSHGKSLEWIGGIYPNNGGTTYKQKFKGKATLTVDKSSSTAYMELRSLTSDDSAVYYCARGEGLDDYDKVAYWGQGTTVTVS`A	1,2,3,4,5,6,7,8,9,10,11,12,13,14,15,16,17,18,19,20,21,22,23,24,25,26,27,28,29,30,31,32,33,34,35,36,37,38,39,40,41,42,43,44,45,46,47,48,49,50,51,52,53,54,55,56,57,58,59,60,61,62,63,64,65,66,67,68,69,70,71,72,73,74,75,76,77,78,79,80,81,82,83,84,85,86,87,88,89,90,91,92,93,94,95,96,97,98,99,100,101,102,103,104,105,106,107,108,109,110,111,112,112,113,114,115,116,117,118,119,120,121,122,123,124,125,126,127,128	E,V,K,L,Q,Q,S,G,P,-,E,L,V,K,P,G,A,S,V,K,I,S,C,K,T,S,G,Y,T,F,-,-,-,-,T,E,Y,T,M,H,W,V,K,Q,S,H,G,K,S,L,E,W,I,G,G,I,Y,P,N,-,-,N,G,G,T,T,Y,K,Q,K,F,K,-,G,K,A,T,L,T,V,D,K,S,S,S,T,A,Y,M,E,L,R,S,L,T,S,D,D,S,A,V,Y,Y,C,A,R,G,E,G,L,D,A,Y,D,K,V,A,Y,W,G,Q,G,T,T,V,T,V,S,A
Psanger_114493	Psanger	None	N51/6.2R	HC	1	100	1	Sanger	GCCTCAAGCAGTCAGGTGCAGATGAAGGAGTCTGGGGCAGAGCTTGTGAGGTCAGGGGCCTCAGTCAAGTTGTCCTGCACTGCTTCTGGCTTCAACATTAAAGACTACTATATGTATTGGGTGAAGCAGAGGCCTGAACAGGGCCTGGAGTGGGTTGGATGGATTGATCCTGAGAATGGTGATACTGAATATGCCCCGAGTTTCCAGGGCAAGGCCACTATGACTGCAGACACATCCTCCAACACAGCCTACCTGCAGCTCAGCAGCCTGACATCTGAGGACACTGCCGTCTATTTCTGTAATGCATTGGCTAGCTGGGACAATAACTATGCTATGGACTATTGGGGTCAAGGAACCTCAGTCAGCGTCTCCTC		H	2.3e-53	170.6	4	124	imgt	0	ASSS`QVQMKESGAELVRSGASVKLSCTASGFNIKDYYMYWVKQRPEQGLEWVGWIDPENGDTEYAPSFQGKATMTADTSSNTAYLQLSSLTSEDTAVYFCNALASWDNNYAMDYWGQGTSVSVS`S	1,2,3,4,5,6,7,8,9,10,11,12,13,14,15,16,17,18,19,20,21,22,23,24,25,26,27,28,29,30,31,32,33,34,35,36,37,38,39,40,41,42,43,44,45,46,47,48,49,50,51,52,53,54,55,56,57,58,59,60,61,62,63,64,65,66,67,68,69,70,71,72,73,74,75,76,77,78,79,80,81,82,83,84,85,86,87,88,89,90,91,92,93,94,95,96,97,98,99,100,101,102,103,104,105,106,107,108,109,110,111,112,112,113,114,115,116,117,118,119,120,121,122,123,124,125,126,127,128	Q,V,Q,M,K,E,S,G,A,-,E,L,V,R,S,G,A,S,V,K,L,S,C,T,A,S,G,F,N,I,-,-,-,-,K,D,Y,Y,M,Y,W,V,K,Q,R,P,E,Q,G,L,E,W,V,G,W,I,D,P,E,-,-,N,G,D,T,E,Y,A,P,S,F,Q,-,G,K,A,T,M,T,A,D,T,S,S,N,T,A,Y,L,Q,L,S,S,L,T,S,E,D,T,A,V,Y,F,C,N,A,L,A,S,W,D,A,N,Y,A,M,D,Y,W,G,Q,G,T,S,V,S,V,S,S
Psanger_114548	Psanger	None	N52A/42.1R	HC	1	100	1	Sanger	ATGAAGCTGCCTGTTCTGCTAGTGGTGCTGCTATTGTTCACGAGTCCAGCCTCAAGCAGTGAGGTGCAGCTTGTTGAGTCGGGACCTAGCCTCGTGAAACCTTCTCAGACTCTGTCCCTCACCTGTTCTGTCACTGGCGACTCCATCACCAGTGGTTACTGGAACTGGATCCGGAAATTCCCAGGGAATAAATTTGAGCACATGGGGTACATAAACTACAGTGGTAACACTTACTACAATCCGTCTCTCAAAAGTCGAATCTCCATCACTCGAGACACATCCAAGAACCAGTACTACCTGCAGTTGAATTCTGTGACTACTGAGGACACAGCCACATATTACTGTGCAAGGGGGGGTTACGACGGGGACTACTGGGGCCAAGGCACCACTCTCACAGTCTACTCGGCGCGCCCAACA        		H	7e-48	152.8	20	134	imgt	0	MKLPVLLVVLLLFTSPASSS`EVQLVESGPSLVKPSQTLSLTCSVTGDSITSGYWNWIRKFPGNKFEHMGYINYSGNTYYNPSLKSRISITRDTSKNQYYLQLNSVTTEDTATYYCARGGYDGDYWGQGTTLTVY`SARPT	1,2,3,4,5,6,7,8,9,10,11,12,13,14,15,16,17,18,19,20,21,22,23,24,25,26,27,28,29,30,31,32,33,34,35,36,37,38,39,40,41,42,43,44,45,46,47,48,49,50,51,52,53,54,55,56,57,58,59,60,61,62,63,64,65,66,67,68,69,70,71,72,73,74,75,76,77,78,79,80,81,82,83,84,85,86,87,88,89,90,91,92,93,94,95,96,97,98,99,100,101,102,103,104,105,106,107,108,109,110,111,112,113,114,115,116,117,118,119,120,121,122,123,124,125,126,127,128	E,V,Q,L,V,E,S,G,P,-,S,L,V,K,P,S,Q,T,L,S,L,T,C,S,V,T,G,D,S,I,-,-,-,-,T,S,G,Y,W,N,W,I,R,K,F,P,G,N,K,F,E,H,M,G,Y,I,N,Y,S,-,-,-,G,N,T,Y,Y,N,P,S,L,K,-,S,R,I,S,I,T,R,D,T,S,K,N,Q,Y,Y,L,Q,L,N,S,V,T,T,E,D,T,A,T,Y,Y,C,A,R,G,G,Y,-,-,-,-,D,G,D,Y,W,G,Q,G,T,T,L,T,V,Y,S
Psanger_114508	Psanger	None	N59/36.1R	HC	1	100	1	Sanger	GCCTCAAGCAGTGAGGTGAAGCTTCAGCAGTCTGGGCCTGAGGTGGTGAGGCCTGGGGTCTCAGTGAAGATTTCCTGCAAGGGTTCCGGCTACACATTCACTGATTATGCTATGCACTGGGTGAAGCAGAGTCATGGAAAGAGTCTAGAGTGGATTGGAGTTATTAGTACTTACAATGATAATACAAAGTACAACCAGAAGTTTAAGGGCAAGGCCACAATGACTGTAGACAAATCCTCCAGCACAGCCTATATGGAACTTGCCAGATTGACATCTGAGGATTCTGCCATCTATTACTGTGCAAGAGGGGGGGCTTACTGGGGCCAAGGGACCACGGTCACCGTCTCCTC		H	1.4e-54	174.4	4	116	imgt	0	ASSS`EVKLQQSGPEVVRPGVSVKISCKGSGYTFTDYAMHWVKQSHGKSLEWIGVISTYNDNTKYNQKFKGKATMTVDKSSSTAYMELARLTSEDSAIYYCARGGAYWGQGTTVTVS`S	1,2,3,4,5,6,7,8,9,10,11,12,13,14,15,16,17,18,19,20,21,22,23,24,25,26,27,28,29,30,31,32,33,34,35,36,37,38,39,40,41,42,43,44,45,46,47,48,49,50,51,52,53,54,55,56,57,58,59,60,61,62,63,64,65,66,67,68,69,70,71,72,73,74,75,76,77,78,79,80,81,82,83,84,85,86,87,88,89,90,91,92,93,94,95,96,97,98,99,100,101,102,103,104,105,106,107,108,109,110,111,112,113,114,115,116,117,118,119,120,121,122,123,124,125,126,127,128	E,V,K,L,Q,Q,S,G,P,-,E,V,V,R,P,G,V,S,V,K,I,S,C,K,G,S,G,Y,T,F,-,-,-,-,T,D,Y,A,M,H,W,V,K,Q,S,H,G,K,S,L,E,W,I,G,V,I,S,T,Y,-,-,N,D,N,T,K,Y,N,Q,K,F,K,-,G,K,A,T,M,T,V,D,K,S,S,S,T,A,Y,M,E,L,A,R,L,T,S,E,D,S,A,I,Y,Y,C,A,R,G,-,-,-,-,-,-,-,G,A,Y,W,G,Q,G,T,T,V,T,V,S,S
Psanger_114497	Psanger	None	N7/18.1R	HC	1	100	1	Sanger	GCCTCAAGCAGTGAGGTGCAGCTTGTTGAGTCTGGGGGAGGCTTAGTGAAGCCTGGAGGGTCCCTGAAACTCTCCTGTGAAGCCTCTGGATTCACTTTCCGTAACTATGCCATGTCTTGGGTTCGCCAGTCTCCAGAGAAGAGGCTGGAGTGGGTCGCAGAAATTACTAGTGGTGGAAGTTACACCTACTATCCCGACACTGTGACGGGCCGATTCACCATCTCCAGAGACAATGCCAAGAACACCCTATACCTGGAGATGAGCAGTCTGAAGTCTGAGGACACGGCCATGTATTACTGTGCAACGTTTGGTCACGACGGCTTTGGTTACTGGGGCCAAGGGACTCTGGTCACTGTCTCTGC		H	4.2e-58	186.2	4	120	imgt	0	ASSS`EVQLVESGGGLVKPGGSLKLSCEASGFTFRNYAMSWVRQSPEKRLEWVAEITSGGSYTYYPDTVTGRFTISRDNAKNTLYLEMSSLKSEDTAMYYCATFGHDGFGYWGQGTLVTVS`A	1,2,3,4,5,6,7,8,9,10,11,12,13,14,15,16,17,18,19,20,21,22,23,24,25,26,27,28,29,30,31,32,33,34,35,36,37,38,39,40,41,42,43,44,45,46,47,48,49,50,51,52,53,54,55,56,57,58,59,60,61,62,63,64,65,66,67,68,69,70,71,72,73,74,75,76,77,78,79,80,81,82,83,84,85,86,87,88,89,90,91,92,93,94,95,96,97,98,99,100,101,102,103,104,105,106,107,108,109,110,111,112,113,114,115,116,117,118,119,120,121,122,123,124,125,126,127,128	E,V,Q,L,V,E,S,G,G,-,G,L,V,K,P,G,G,S,L,K,L,S,C,E,A,S,G,F,T,F,-,-,-,-,R,N,Y,A,M,S,W,V,R,Q,S,P,E,K,R,L,E,W,V,A,E,I,T,S,G,-,-,G,S,Y,T,Y,Y,P,D,T,V,T,-,G,R,F,T,I,S,R,D,N,A,K,N,T,L,Y,L,E,M,S,S,L,K,S,E,D,T,A,M,Y,Y,C,A,T,F,G,H,-,-,-,D,G,F,G,Y,W,G,Q,G,T,L,V,T,V,S,A
Psanger_114512	Psanger	None	N70/28R	HC	1	100	1	Sanger	ATGAAGCTGCCTGTTCTGCTAGTGGTGCTGCTATTGTTCACGAGTCCAGCCTCAAGCAGTGAGGTGAAGCTTCTCAAGTCTGGAGGTGGCCTGGTACAGCCTGGAGGATCCCTGAAACTCTCCTGTGCAGCCGCAGGATTCGATTTTAGTAGATACTGGATGAGTTGGGTCCGGCAGGCTCCAGGGAAAGGGCTAGAATGGATTGGAGAAATTAATCCAGAGAGCAGTACGATAAACTATACGCCATTTCTAAAGGATAAATTCATCATCTCCAGAGACAACGCCAAAAAAACGCTGTATCTGCAAATGAGGAAAGTGAGATCTGAGGACACAGCCCTTTATTACTGTGCATACTACGGTATTAGCTACTACTTTGACTACTGGGGCCAAGGCACCACGGTCACCGTCTCCTCGGCGCGCCCAACA		H	1.5e-53	171.1	20	137	imgt	0	MKLPVLLVVLLLFTSPASSS`EVKLLKSGGGLVQPGGSLKLSCAAAGFDFSRYWMSWVRQAPGKGLEWIGEINPESSTINYTPFLKDKFIISRDNAKKTLYLQMRKVRSEDTALYYCAYYGISYYFDYWGQGTTVTVS`SARPT	1,2,3,4,5,6,7,8,9,10,11,12,13,14,15,16,17,18,19,20,21,22,23,24,25,26,27,28,29,30,31,32,33,34,35,36,37,38,39,40,41,42,43,44,45,46,47,48,49,50,51,52,53,54,55,56,57,58,59,60,61,62,63,64,65,66,67,68,69,70,71,72,73,74,75,76,77,78,79,80,81,82,83,84,85,86,87,88,89,90,91,92,93,94,95,96,97,98,99,100,101,102,103,104,105,106,107,108,109,110,111,112,113,114,115,116,117,118,119,120,121,122,123,124,125,126,127,128	E,V,K,L,L,K,S,G,G,-,G,L,V,Q,P,G,G,S,L,K,L,S,C,A,A,A,G,F,D,F,-,-,-,-,S,R,Y,W,M,S,W,V,R,Q,A,P,G,K,G,L,E,W,I,G,E,I,N,P,E,-,-,S,S,T,I,N,Y,T,P,F,L,K,-,D,K,F,I,I,S,R,D,N,A,K,K,T,L,Y,L,Q,M,R,K,V,R,S,E,D,T,A,L,Y,Y,C,A,Y,Y,G,I,S,-,-,Y,Y,F,D,Y,W,G,Q,G,T,T,V,T,V,S,S
Psanger_114559	Psanger	None	N76/3R	HC	1	100	1	Sanger	GCCTCAAGCAGTCAGGTTCAGCTGCAGCAGTCTGGAGCTGAATTGGTAGGGCCTGGGACTTCAGTGAAGGTGTCCTGCAAGGCTTCTGGATACGCCTTCACTAATTACTTGATAGAGTGGGTAAAACAGAGGCCTGGACAGGGCCTTGAGTGGATTGGAGTGATTAATCCTGGAAGTGGTGCTACTCACTACAATGAGAAGTTCAAGGACACGTCAACTCTGACTGCAGACAAATCCTCCAGCACTGCCTACATGCAGCTCAGCAGCCTGACATCTGATGACTCTGCGGTCTATTTCTGTGCAAGGGGGGACTACGATGCTATGGACTACTGGGGTCAAGGAACCTCAGTCACCGTCTCCTC		H	6.2e-57	182.1	4	120	imgt	0	ASSS`QVQLQQSGAELVGPGTSVKVSCKASGYAFTNYLIEWVKQRPGQGLEWIGVINPGSGATHYNEKFKDTSTLTADKSSSTAYMQLSSLTSDDSAVYFCARGDYDAMDYWGQGTSVTVS`S	1,2,3,4,5,6,7,8,9,10,11,12,13,14,15,16,17,18,19,20,21,22,23,24,25,26,27,28,29,30,31,32,33,34,35,36,37,38,39,40,41,42,43,44,45,46,47,48,49,50,51,52,53,54,55,56,57,58,59,60,61,62,63,64,65,66,67,68,69,70,71,72,73,74,75,76,77,78,79,80,81,82,83,84,85,86,87,88,89,90,91,92,93,94,95,96,97,98,99,100,101,102,103,104,105,106,107,108,109,110,111,112,113,114,115,116,117,118,119,120,121,122,123,124,125,126,127,128	Q,V,Q,L,Q,Q,S,G,A,-,E,L,V,G,P,G,T,S,V,K,V,S,C,K,A,S,G,Y,A,F,-,-,-,-,T,N,Y,L,I,E,W,V,K,Q,R,P,G,Q,G,L,E,W,I,G,V,I,N,P,G,-,-,S,G,A,T,H,Y,N,E,K,F,K,-,D,T,S,T,L,T,A,D,K,S,S,S,T,A,Y,M,Q,L,S,S,L,T,S,D,D,S,A,V,Y,F,C,A,R,G,D,Y,-,-,-,D,A,M,D,Y,W,G,Q,G,T,S,V,T,V,S,S
Psanger_128641	Psanger	None	N76/8R	HC	1	100	1	Sanger	ATGAAGCTGCCTGTTCTGCTAGTGGTGCTGCTATTGTTCACGAGTCCAGCCTCAAGCAGTGAGGTTCAGCTGCAGCAGTCTGGACCTGAGCTGGTGAGGCCTGGGGCTTCAGTGAGGATATCCTGCAAGACTTCTGGATACACATTCACTGAATACTCCTTGCACTGGATAATGCAGAGCCATGGAAAGAGCCTTGAGTGGATTGGAGGTATTAATCCTAACAGTGGTAATACTAAGTACAACCAGAAGTTCAAGGGCAAGGCCACTTTGACTGTGGACAAGCCCTCCAGCGCAGCCTACATGGAGCTCCGCAGCCTGACATCTGAAGATTCTGCAGTCTATTATTGTACACTATCTATAAGGGGCTATTGGGGCCAAGGCACCACTCTCACAGTCTCCTCGGCGCGCCCAACA		H	2.8e-52	167.1	20	133	imgt	0	MKLPVLLVVLLLFTSPASSS`EVQLQQSGPELVRPGASVRISCKTSGYTFTEYSLHWIMQSHGKSLEWIGGINPNSGNTKYNQKFKGKATLTVDKPSSAAYMELRSLTSEDSAVYYCTLSIRGYWGQGTTLTVS`SARPT	1,2,3,4,5,6,7,8,9,10,11,12,13,14,15,16,17,18,19,20,21,22,23,24,25,26,27,28,29,30,31,32,33,34,35,36,37,38,39,40,41,42,43,44,45,46,47,48,49,50,51,52,53,54,55,56,57,58,59,60,61,62,63,64,65,66,67,68,69,70,71,72,73,74,75,76,77,78,79,80,81,82,83,84,85,86,87,88,89,90,91,92,93,94,95,96,97,98,99,100,101,102,103,104,105,106,107,108,109,110,111,112,113,114,115,116,117,118,119,120,121,122,123,124,125,126,127,128	E,V,Q,L,Q,Q,S,G,P,-,E,L,V,R,P,G,A,S,V,R,I,S,C,K,T,S,G,Y,T,F,-,-,-,-,T,E,Y,S,L,H,W,I,M,Q,S,H,G,K,S,L,E,W,I,G,G,I,N,P,N,-,-,S,G,N,T,K,Y,N,Q,K,F,K,-,G,K,A,T,L,T,V,D,K,P,S,S,A,A,Y,M,E,L,R,S,L,T,S,E,D,S,A,V,Y,Y,C,T,L,S,I,-,-,-,-,-,-,R,G,Y,W,G,Q,G,T,T,L,T,V,S,S
Psanger_114544	Psanger	None	N81/37.1R	HC	1	100	1	Sanger	GCCTCAAGCAGTCAGGTCCAACTGCAGCAGTCTGGGGCAGAGCTTGTGAGGTCAGGGGCCTCAGTCAAGTTGTCCTGCACAGCTTCTGGCTTCAACATTAAAGACTACTATATGCACTGGGTGAAACAGAGGCCTGAACAGGGCCTGGAGTGGATTGGATGGATTGATCCTGAGAATGGTGATAATGGATATGCCCCGAAGTTCCAGGGCAAGGCCACTATGACTGCAGACACATCCTCCAACACAGCCTACCTGCAGCTCAGCAGCCTGACATCTGAGGACACTGCCGTCTATTACTGTGGTAGCTACTATGTTATGGACTACTGGGGTCAAGGAACCTCAGTCACCGTCTCCTC		H	2.1e-55	177.2	4	118	imgt	0	ASSS`QVQLQQSGAELVRSGASVKLSCTASGFNIKDYYMHWVKQRPEQGLEWIGWIDPENGDNGYAPKFQGKATMTADTSSNTAYLQLSSLTSEDTAVYYCGSYYVMDYWGQGTSVTVS`S	1,2,3,4,5,6,7,8,9,10,11,12,13,14,15,16,17,18,19,20,21,22,23,24,25,26,27,28,29,30,31,32,33,34,35,36,37,38,39,40,41,42,43,44,45,46,47,48,49,50,51,52,53,54,55,56,57,58,59,60,61,62,63,64,65,66,67,68,69,70,71,72,73,74,75,76,77,78,79,80,81,82,83,84,85,86,87,88,89,90,91,92,93,94,95,96,97,98,99,100,101,102,103,104,105,106,107,108,109,110,111,112,113,114,115,116,117,118,119,120,121,122,123,124,125,126,127,128	Q,V,Q,L,Q,Q,S,G,A,-,E,L,V,R,S,G,A,S,V,K,L,S,C,T,A,S,G,F,N,I,-,-,-,-,K,D,Y,Y,M,H,W,V,K,Q,R,P,E,Q,G,L,E,W,I,G,W,I,D,P,E,-,-,N,G,D,N,G,Y,A,P,K,F,Q,-,G,K,A,T,M,T,A,D,T,S,S,N,T,A,Y,L,Q,L,S,S,L,T,S,E,D,T,A,V,Y,Y,C,G,S,Y,Y,-,-,-,-,-,V,M,D,Y,W,G,Q,G,T,S,V,T,V,S,S
Psanger_140079	Psanger	None	N83/48R	HC	1	100	1	Sanger	ATGAAGCTGCCTGTTCTGCTAGTGGTGCTGCTATTGTTCACGAGTCCAGCCTCAAGCAGTCAGGTGCAGCTGAAGCAGTCGGGACCTGGCCTGGTGAAACCTTCTCAGTCTCTGTCCCTCACCTGCACTGTCACTGGCTACTCAATCACCAGTGATTATGCCTGGACCTGGATCCGGCAGTTTCCAGGAAAGAAACTGGAGTGGATGGGCTACATAAGCTACAGTGGTAGCACTAGCTACAACCCATCTCTCAAAAGTCGAATCTCTATCACTCGAGACACATCCAAGGACCAGTTCTTCCTACAGTTGAAATCTGTGACTACTGAGGACACAGCCACATATTACTGTGCATCTTATGAGACCTTTGCTTACTGGGGCCAAGGGACTCTGGTCACTGTCTCTGCGGCGCGCCCAACA		H	6.8e-53	169.0	20	134	imgt	0	MKLPVLLVVLLLFTSPASSS`QVQLKQSGPGLVKPSQSLSLTCTVTGYSITSDYAWTWIRQFPGKKLEWMGYISYSGSTSYNPSLKSRISITRDTSKDQFFLQLKSVTTEDTATYYCASYETFAYWGQGTLVTVS`AARPT	1,2,3,4,5,6,7,8,9,10,11,12,13,14,15,16,17,18,19,20,21,22,23,24,25,26,27,28,29,30,31,32,33,34,35,36,37,38,39,40,41,42,43,44,45,46,47,48,49,50,51,52,53,54,55,56,57,58,59,60,61,62,63,64,65,66,67,68,69,70,71,72,73,74,75,76,77,78,79,80,81,82,83,84,85,86,87,88,89,90,91,92,93,94,95,96,97,98,99,100,101,102,103,104,105,106,107,108,109,110,111,112,113,114,115,116,117,118,119,120,121,122,123,124,125,126,127,128	Q,V,Q,L,K,Q,S,G,P,-,G,L,V,K,P,S,Q,S,L,S,L,T,C,T,V,T,G,Y,S,I,T,-,-,-,S,D,Y,A,W,T,W,I,R,Q,F,P,G,K,K,L,E,W,M,G,Y,I,S,Y,S,-,-,-,G,S,T,S,Y,N,P,S,L,K,-,S,R,I,S,I,T,R,D,T,S,K,D,Q,F,F,L,Q,L,K,S,V,T,T,E,D,T,A,T,Y,Y,C,A,S,Y,E,-,-,-,-,-,T,F,A,Y,W,G,Q,G,T,L,V,T,V,S,A
Psanger_114533	Psanger	None	N84/37.1R	HC	1	100	1	Sanger	GCCTCAAGCAGTCAGGTCCAGCTGCAGCAGTCTGGACCTGAGCTGGTGAAGCCTGGGGCTTCAGTGAAGATATCCTGCAAGACTTCTGGATACACATTCACTGAATACACCATGCACTGGGTGAAGCAGAGCCATGGAAAGAGCCTTGAGTGGATTGGAGGTATTAATCCTAATAATAGTATTACTAGTTACAGTCAGAAGTTTAAGGGCAAGGCCACATTGACTGTAGACAAGTCCTCCAGCACAGCCTACATGGAGCTCCGCAGCCTGACATCTGAGGATTCTGCAGTCTTTTACTGTGCAAGACCTTACTATAGGCACTACTTTTACTACTGGGGCCAAGGCACCACTCTCACAGTCTCCTC		H	7.1e-57	181.9	4	121	imgt	0	ASSS`QVQLQQSGPELVKPGASVKISCKTSGYTFTEYTMHWVKQSHGKSLEWIGGINPNNSITSYSQKFKGKATLTVDKSSSTAYMELRSLTSEDSAVFYCARPYYRHYFYYWGQGTTLTVS`S	1,2,3,4,5,6,7,8,9,10,11,12,13,14,15,16,17,18,19,20,21,22,23,24,25,26,27,28,29,30,31,32,33,34,35,36,37,38,39,40,41,42,43,44,45,46,47,48,49,50,51,52,53,54,55,56,57,58,59,60,61,62,63,64,65,66,67,68,69,70,71,72,73,74,75,76,77,78,79,80,81,82,83,84,85,86,87,88,89,90,91,92,93,94,95,96,97,98,99,100,101,102,103,104,105,106,107,108,109,110,111,112,113,114,115,116,117,118,119,120,121,122,123,124,125,126,127,128	Q,V,Q,L,Q,Q,S,G,P,-,E,L,V,K,P,G,A,S,V,K,I,S,C,K,T,S,G,Y,T,F,-,-,-,-,T,E,Y,T,M,H,W,V,K,Q,S,H,G,K,S,L,E,W,I,G,G,I,N,P,N,-,-,N,S,I,T,S,Y,S,Q,K,F,K,-,G,K,A,T,L,T,V,D,K,S,S,S,T,A,Y,M,E,L,R,S,L,T,S,E,D,S,A,V,F,Y,C,A,R,P,Y,Y,R,-,-,H,Y,F,Y,Y,W,G,Q,G,T,T,L,T,V,S,S
Psanger_114513	Psanger	None	N85/18.1R	HC	1	100	1	Sanger	GCCTCAAGCAGTGAGGTGAAGCTGGTGGAATCTGGGGGAGGCTTAGTGAAGCCTGGAGGGTCCCTGAAACTCTCCTGTGCAGCCTCTGGATTCACTTTCAGTAGCTATTCCATGTCTTGGGTTCGCCAGACTCCGGAGAAGAGGCTGGAGTGGGTCGCAACCATTAGTAGTGGTGGTAGTTACACCTACTTTCCAGACAGTGTGAAGGGCCGATTCACCATCTCCAGAGACAATGCCAAGAACACCCTGTACCTTCAAATGAGCAGTCTGAAGTCTGAGGACACAGCCATGTATTACTGTACAAGAGGCCCGGATTACTGCGGTAGTGGCTACGTTGACTCCTGGGGCCAAGGCACCACTCTCACAGTCTCCTC        		H	3.8e-59	189.6	4	124	imgt	0	ASSS`EVKLVESGGGLVKPGGSLKLSCAASGFTFSSYSMSWVRQTPEKRLEWVATISSGGSYTYFPDSVKGRFTISRDNAKNTLYLQMSSLKSEDTAMYYCTRGPDYCGSGYVDSWGQGTTLTVS`S	1,2,3,4,5,6,7,8,9,10,11,12,13,14,15,16,17,18,19,20,21,22,23,24,25,26,27,28,29,30,31,32,33,34,35,36,37,38,39,40,41,42,43,44,45,46,47,48,49,50,51,52,53,54,55,56,57,58,59,60,61,62,63,64,65,66,67,68,69,70,71,72,73,74,75,76,77,78,79,80,81,82,83,84,85,86,87,88,89,90,91,92,93,94,95,96,97,98,99,100,101,102,103,104,105,106,107,108,109,110,111,112,112,113,114,115,116,117,118,119,120,121,122,123,124,125,126,127,128	E,V,K,L,V,E,S,G,G,-,G,L,V,K,P,G,G,S,L,K,L,S,C,A,A,S,G,F,T,F,-,-,-,-,S,S,Y,S,M,S,W,V,R,Q,T,P,E,K,R,L,E,W,V,A,T,I,S,S,G,-,-,G,S,Y,T,Y,F,P,D,S,V,K,-,G,R,F,T,I,S,R,D,N,A,K,N,T,L,Y,L,Q,M,S,S,L,K,S,E,D,T,A,M,Y,Y,C,T,R,G,P,D,Y,C,A,S,G,Y,V,D,S,W,G,Q,G,T,T,L,T,V,S,S
Psanger_114492	Psanger	None	N86/38.1R	HC	1	100	1	Sanger	ATGAAGCTGCCTGTTCTGCTAGTGGTGCTGCTATTGTTCACGAGTCCAGCCTCAAGCAGTGAGGTCCAGCTGCAGCAGTCTGGACCTGAGCTGGTGAAGCCTGGATCTTCAATGAAGATATCCTGCAAGGCTTCTGGTTACTCATTCACTGGCTACACCATGAACTGGGTGAAGCAGAGCCATGGACAGAACCTTGAGTGGATTGGACTTATTAATCCTTACAATGGTGGTACAAATTACAACCAGAAGTTCAAGGGCAAGGCCACTTTAACTGTAGACAAGTCATCCAGCACAGCCTACATGGAACTCCTCGGTCTGACATCTGAGGACTCTGCAGTCTATTACTGTACAAGAGGAAACTCGGACTTCTCGGCCTGGTTTGCTTACTGGGGCCAAGGAACCTCAGTCACCGTCTCCTCGGCGCGCCCAACA		H	4.6e-57	182.5	20	139	imgt	0	MKLPVLLVVLLLFTSPASSS`EVQLQQSGPELVKPGSSMKISCKASGYSFTGYTMNWVKQSHGQNLEWIGLINPYNGGTNYNQKFKGKATLTVDKSSSTAYMELLGLTSEDSAVYYCTRGNSDFSAWFAYWGQGTSVTVS`SARPT	1,2,3,4,5,6,7,8,9,10,11,12,13,14,15,16,17,18,19,20,21,22,23,24,25,26,27,28,29,30,31,32,33,34,35,36,37,38,39,40,41,42,43,44,45,46,47,48,49,50,51,52,53,54,55,56,57,58,59,60,61,62,63,64,65,66,67,68,69,70,71,72,73,74,75,76,77,78,79,80,81,82,83,84,85,86,87,88,89,90,91,92,93,94,95,96,97,98,99,100,101,102,103,104,105,106,107,108,109,110,111,112,113,114,115,116,117,118,119,120,121,122,123,124,125,126,127,128	E,V,Q,L,Q,Q,S,G,P,-,E,L,V,K,P,G,S,S,M,K,I,S,C,K,A,S,G,Y,S,F,-,-,-,-,T,G,Y,T,M,N,W,V,K,Q,S,H,G,Q,N,L,E,W,I,G,L,I,N,P,Y,-,-,N,G,G,T,N,Y,N,Q,K,F,K,-,G,K,A,T,L,T,V,D,K,S,S,S,T,A,Y,M,E,L,L,G,L,T,S,E,D,S,A,V,Y,Y,C,T,R,G,N,S,D,F,S,A,W,F,A,Y,W,G,Q,G,T,S,V,T,V,S,S
Psanger_114539	Psanger	None	N88/12.1R	HC	1	100	1	Sanger	GCCTCAAGCAGTCAGGTGCAGCTGAAGGAGTCGGGACCTGGCCTGGTGAAACCTTCTCAGTCTCTGTCCCTCACCTGCACTGTCACTGGCTACTCAATCACCAGTGATTATGCCTGGAACTGGATCCGGCAGTTTCCAGGAAACAAACTGGAGTGGATGGGCTACATAAGCTACAGTGGTAGCACTAGCTACAACCCATCTCTCAAAAGTCGCATCTCTATCACTCGAGACACATCCAAGAACCAGTTCTTCCTGCAGTTGAATTCTGTGACTACTGAGGACACAGCCACATATTACTGTACAAGAAGGACGGCTATGGACTACTGGGGTCAAGGAACCTCAGTCACCGTCTCCTC		H	2.9e-55	176.7	4	118	imgt	0	ASSS`QVQLKESGPGLVKPSQSLSLTCTVTGYSITSDYAWNWIRQFPGNKLEWMGYISYSGSTSYNPSLKSRISITRDTSKNQFFLQLNSVTTEDTATYYCTRRTAMDYWGQGTSVTVS`S	1,2,3,4,5,6,7,8,9,10,11,12,13,14,15,16,17,18,19,20,21,22,23,24,25,26,27,28,29,30,31,32,33,34,35,36,37,38,39,40,41,42,43,44,45,46,47,48,49,50,51,52,53,54,55,56,57,58,59,60,61,62,63,64,65,66,67,68,69,70,71,72,73,74,75,76,77,78,79,80,81,82,83,84,85,86,87,88,89,90,91,92,93,94,95,96,97,98,99,100,101,102,103,104,105,106,107,108,109,110,111,112,113,114,115,116,117,118,119,120,121,122,123,124,125,126,127,128	Q,V,Q,L,K,E,S,G,P,-,G,L,V,K,P,S,Q,S,L,S,L,T,C,T,V,T,G,Y,S,I,T,-,-,-,S,D,Y,A,W,N,W,I,R,Q,F,P,G,N,K,L,E,W,M,G,Y,I,S,Y,S,-,-,-,G,S,T,S,Y,N,P,S,L,K,-,S,R,I,S,I,T,R,D,T,S,K,N,Q,F,F,L,Q,L,N,S,V,T,T,E,D,T,A,T,Y,Y,C,T,R,R,T,-,-,-,-,-,A,M,D,Y,W,G,Q,G,T,S,V,T,V,S,S
Psanger_114525	Psanger	None	N91/27.1R	HC	1	100	1	Sanger	GCCTCAAGCAGTCAGATCCAGTTGGTGCAGTCTGGACCTGAGCTGGTGAAGCCTGGGGCTTTAGTGAAGATATCCTGCAAGGCTTCTGGTTACTCATTCACTGGCTTTTACATACACTGGGTGAAGCAAAGCCATGTAAAGAGCCTTGAGTGGATTGGACGTATTAATCCTTACAATGGTGCTACTACCTACAACCAGAATTTCAAGACCAAGGCCAGCTTGACTGTAGATAAGTCCTCCAACACAGCCTACATGGAGCTCCACAGCCTGACATCTGAGGACTCTGCAGTCTATTACTGTGCAAGATGGGGGCTCTCCTTTGCTATGGACTACTGGGGTCAAGGAACCTCAGTCACCGTCTCCTC		H	2.9e-55	176.7	4	121	imgt	0	ASSS`QIQLVQSGPELVKPGALVKISCKASGYSFTGFYIHWVKQSHVKSLEWIGRINPYNGATTYNQNFKTKASLTVDKSSNTAYMELHSLTSEDSAVYYCARWGLSFAMDYWGQGTSVTVS`S	1,2,3,4,5,6,7,8,9,10,11,12,13,14,15,16,17,18,19,20,21,22,23,24,25,26,27,28,29,30,31,32,33,34,35,36,37,38,39,40,41,42,43,44,45,46,47,48,49,50,51,52,53,54,55,56,57,58,59,60,61,62,63,64,65,66,67,68,69,70,71,72,73,74,75,76,77,78,79,80,81,82,83,84,85,86,87,88,89,90,91,92,93,94,95,96,97,98,99,100,101,102,103,104,105,106,107,108,109,110,111,112,113,114,115,116,117,118,119,120,121,122,123,124,125,126,127,128	Q,I,Q,L,V,Q,S,G,P,-,E,L,V,K,P,G,A,L,V,K,I,S,C,K,A,S,G,Y,S,F,-,-,-,-,T,G,F,Y,I,H,W,V,K,Q,S,H,V,K,S,L,E,W,I,G,R,I,N,P,Y,-,-,N,G,A,T,T,Y,N,Q,N,F,K,-,T,K,A,S,L,T,V,D,K,S,S,N,T,A,Y,M,E,L,H,S,L,T,S,E,D,S,A,V,Y,Y,C,A,R,W,G,L,S,-,-,F,A,M,D,Y,W,G,Q,G,T,S,V,T,V,S,S
Psanger_114550	Psanger	None	N93A/49.2R	HC	1	100	1	Sanger	ATGAAGCTGCCTGTTCTGCTAGTGGTGCTGCTATTGTTCACGAGTCCAGCCTCAAGCAGTCAGGTGCAGATGAAGGAGTCTGGACCTGACCTGGTGAAGCCTGGGGCCTCAGTGAAGATATCCTGCAAGGCTTCTGGTTACTCATTCACTGGCTACTACATGCACTGGGTGAAGCAGAGCCATGGAAAGAGCCTTGAGTGGATTGGACGTTTTAATCCTCACAGTGGTGGTAGTAACTACAACCAGAAGTTCAAGGGCAAGGCCATATTAACTGTAGACAAGTCATCCAGCACAGCCTACATGGAGCTCCGCAGCCTGACATCTGAGGACTCTGCGGTCTATTACTGTGCAAGAATGGACTATGATGGTTACTACGCTTACTGGGGCCAAGGGACTCTGGTCACTGTCTCTGCGGCGCGCCCAACA		H	4.7e-56	179.2	20	137	imgt	0	MKLPVLLVVLLLFTSPASSS`QVQMKESGPDLVKPGASVKISCKASGYSFTGYYMHWVKQSHGKSLEWIGRFNPHSGGSNYNQKFKGKAILTVDKSSSTAYMELRSLTSEDSAVYYCARMDYDGYYAYWGQGTLVTVS`AARPT	1,2,3,4,5,6,7,8,9,10,11,12,13,14,15,16,17,18,19,20,21,22,23,24,25,26,27,28,29,30,31,32,33,34,35,36,37,38,39,40,41,42,43,44,45,46,47,48,49,50,51,52,53,54,55,56,57,58,59,60,61,62,63,64,65,66,67,68,69,70,71,72,73,74,75,76,77,78,79,80,81,82,83,84,85,86,87,88,89,90,91,92,93,94,95,96,97,98,99,100,101,102,103,104,105,106,107,108,109,110,111,112,113,114,115,116,117,118,119,120,121,122,123,124,125,126,127,128	Q,V,Q,M,K,E,S,G,P,-,D,L,V,K,P,G,A,S,V,K,I,S,C,K,A,S,G,Y,S,F,-,-,-,-,T,G,Y,Y,M,H,W,V,K,Q,S,H,G,K,S,L,E,W,I,G,R,F,N,P,H,-,-,S,G,G,S,N,Y,N,Q,K,F,K,-,G,K,A,I,L,T,V,D,K,S,S,S,T,A,Y,M,E,L,R,S,L,T,S,E,D,S,A,V,Y,Y,C,A,R,M,D,Y,D,-,-,G,Y,Y,A,Y,W,G,Q,G,T,L,V,T,V,S,A
Psanger_114538	Psanger	None	N94/17R	HC	1	100	1	Sanger	GCCTCAAGCAGTCAGGTCCAACTGCAGCAGCCTGGAACTGAGCTGGCGAGGCCCGGGGCTTCAGTGAAGCTGTCCTGCAGGGCGTCTGGCTACACCTTCACTGACTACTATATAAACTGGGTGAAGCAGAAGACTGGACAGGGCCTTGAGTGGATTGGAGAAATTTATCCTGGAATTGGTAAAACTTACTATAATGAGAAGTTCAAGGGCAAGGCCACACTGACTGCAGACAGATCCTCCAGCACAGCCTACATGCAGCTCAGTAGCCTGACATCTGAGGATTCTGCCGTCTATTTCTGTGCAAGGGCCTACGGTAGTAGGGGCTATGCTATGGACTACTGGGGTCAAGGAACCTCAGTCACCGTCTCCTC		H	4.1e-58	185.9	4	123	imgt	0	ASSS`QVQLQQPGTELARPGASVKLSCRASGYTFTDYYINWVKQKTGQGLEWIGEIYPGIGKTYYNEKFKGKATLTADRSSSTAYMQLSSLTSEDSAVYFCARAYGSRGYAMDYWGQGTSVTVS`S	1,2,3,4,5,6,7,8,9,10,11,12,13,14,15,16,17,18,19,20,21,22,23,24,25,26,27,28,29,30,31,32,33,34,35,36,37,38,39,40,41,42,43,44,45,46,47,48,49,50,51,52,53,54,55,56,57,58,59,60,61,62,63,64,65,66,67,68,69,70,71,72,73,74,75,76,77,78,79,80,81,82,83,84,85,86,87,88,89,90,91,92,93,94,95,96,97,98,99,100,101,102,103,104,105,106,107,108,109,110,111,112,113,114,115,116,117,118,119,120,121,122,123,124,125,126,127,128	Q,V,Q,L,Q,Q,P,G,T,-,E,L,A,R,P,G,A,S,V,K,L,S,C,R,A,S,G,Y,T,F,-,-,-,-,T,D,Y,Y,I,N,W,V,K,Q,K,T,G,Q,G,L,E,W,I,G,E,I,Y,P,G,-,-,I,G,K,T,Y,Y,N,E,K,F,K,-,G,K,A,T,L,T,A,D,R,S,S,S,T,A,Y,M,Q,L,S,S,L,T,S,E,D,S,A,V,Y,F,C,A,R,A,Y,G,S,R,G,Y,A,M,D,Y,W,G,Q,G,T,S,V,T,V,S,S
Psanger_114549	Psanger	None	N96/55.3R	HC	1	100	1	Sanger	ATGAAGCTGCCTGTTCTGCTAGTGGTGCTGCTATTGTTCACGAGTCCAGCCTCAAGCAGTCAGGTCCAACTGCAGCAGCCTGGGTCTGAGCTGGTGAGGCCCAGAGCTTCAGTGAAGCTGTCCTGCAAGGCTTCTGACTACACATTCACCAACTACTGGATGCACTGGGTGAAGCAGAGGCCTGGACAAGGCCTTGAATGGATTGGAAATGTTTTTCCTTCTAGTGGTAGGACTAATTACGATGCGATTTTCAAGAGCAAGGCCACACTGACTGTAGACACATCCTCCAGAACAGTCTACTTGCAGCTCACTAGCCTTACATCTGAGGACTCTGCGGTCTATTTCTGTACTAGCGGCCTTGACTACTGGGGCCAAGGCACCACTCTCACAGTCTCCTCGGCGCGCCCAACA		H	2.1e-53	170.7	20	132	imgt	0	MKLPVLLVVLLLFTSPASSS`QVQLQQPGSELVRPRASVKLSCKASDYTFTNYWMHWVKQRPGQGLEWIGNVFPSSGRTNYDAIFKSKATLTVDTSSRTVYLQLTSLTSEDSAVYFCTSGLDYWGQGTTLTVS`SARPT	1,2,3,4,5,6,7,8,9,10,11,12,13,14,15,16,17,18,19,20,21,22,23,24,25,26,27,28,29,30,31,32,33,34,35,36,37,38,39,40,41,42,43,44,45,46,47,48,49,50,51,52,53,54,55,56,57,58,59,60,61,62,63,64,65,66,67,68,69,70,71,72,73,74,75,76,77,78,79,80,81,82,83,84,85,86,87,88,89,90,91,92,93,94,95,96,97,98,99,100,101,102,103,104,105,106,107,108,109,110,111,112,113,114,115,116,117,118,119,120,121,122,123,124,125,126,127,128	Q,V,Q,L,Q,Q,P,G,S,-,E,L,V,R,P,R,A,S,V,K,L,S,C,K,A,S,D,Y,T,F,-,-,-,-,T,N,Y,W,M,H,W,V,K,Q,R,P,G,Q,G,L,E,W,I,G,N,V,F,P,S,-,-,S,G,R,T,N,Y,D,A,I,F,K,-,S,K,A,T,L,T,V,D,T,S,S,R,T,V,Y,L,Q,L,T,S,L,T,S,E,D,S,A,V,Y,F,C,T,S,G,-,-,-,-,-,-,-,L,D,Y,W,G,Q,G,T,T,L,T,V,S,S
Psanger_114554	Psanger	None	N97A/31R	HC	1	100	1	Sanger	GCCTCAAGCAGTGAGGTGAAGCTGATGGAATCTGGGGGAGGCTCAGTGAAGCCTGGAGGGTCCCTGAAACTCTCCTGTGTAGCCTCTGGATTCACTTTCAGTGACTATTATATGTATTGGGTTCGCCAGACTCCGGAAAAGAGGCTGGAGTGGGTCGCAACCATTAGTGATGGTGGTAATTATCCCTACTATCCAGACAGTGTGAAGGGGCGATTCACAATTTCCAGAGACAATGCCAGGAACAACCTGTATCTGCAGATGACCAGTCTGAAGTCTGAGGACACAGCCATGTATTACTGTGCAAGAGGGGGGGCCTACTCTAGGAGCGACGGACGGTTTTACTATGCTATGGACTATTGGGGTCAGGGAACCTCAGTCACCGTCTCCTC		H	2.5e-55	177.2	4	129	imgt	0	ASSS`EVKLMESGGGSVKPGGSLKLSCVASGFTFSDYYMYWVRQTPEKRLEWVATISDGGNYPYYPDSVKGRFTISRDNARNNLYLQMTSLKSEDTAMYYCARGGAYSRSDGRFYYAMDYWGQGTSVTVS`S	1,2,3,4,5,6,7,8,9,10,11,12,13,14,15,16,17,18,19,20,21,22,23,24,25,26,27,28,29,30,31,32,33,34,35,36,37,38,39,40,41,42,43,44,45,46,47,48,49,50,51,52,53,54,55,56,57,58,59,60,61,62,63,64,65,66,67,68,69,70,71,72,73,74,75,76,77,78,79,80,81,82,83,84,85,86,87,88,89,90,91,92,93,94,95,96,97,98,99,100,101,102,103,104,105,106,107,108,109,110,111,111,111,111,112,112,112,112,113,114,115,116,117,118,119,120,121,122,123,124,125,126,127,128	E,V,K,L,M,E,S,G,G,-,G,S,V,K,P,G,G,S,L,K,L,S,C,V,A,S,G,F,T,F,-,-,-,-,S,D,Y,Y,M,Y,W,V,R,Q,T,P,E,K,R,L,E,W,V,A,T,I,S,D,G,-,-,G,N,Y,P,Y,Y,P,D,S,V,K,-,G,R,F,T,I,S,R,D,N,A,R,N,N,L,Y,L,Q,M,T,S,L,K,S,E,D,T,A,M,Y,Y,C,A,R,G,G,A,Y,S,A,B,C,C,B,A,Y,Y,A,M,D,Y,W,G,Q,G,T,S,V,T,V,S,S
Psanger_140081	Psanger	None	N98/7R	HC	1	100	1	Sanger	ATGAAGCTGCCTGTTCTGCTAGTGGTGCTGCTATTGTTCACGAGTCCAGCCTCAAGCAGTCAGGTCCAACTGCAGCAGCCTGGGGCAGAGCTTGTGAAGCCAGGGGCCTCAGTCAAGTTGTCCTGCACAGCTTCTGGCTTCAAAATCAAAGACACCTACATGCACTGGGTGAAGCAGAGGCCTGACCAGGGCCTGGAGTGGATTGGAAGGATTGAGCCTGTGAATAGTGATACTAAATATGACCCGAAGTTCCAGGGCAAGGCCACTATAACAGCAGACACATCCTCCAACACTGCCTACCTGCAGCTCAGCAGCCTGACATCTGAGGACACTGCCGTCTATTACTGTGCTAGTAACTGGGACCCTTACTGGGGCCACGGGACTCTGGTCACTGTCTCTGCGGCGCGCCCAACA		H	8e-53	168.8	20	133	imgt	0	MKLPVLLVVLLLFTSPASSS`QVQLQQPGAELVKPGASVKLSCTASGFKIKDTYMHWVKQRPDQGLEWIGRIEPVNSDTKYDPKFQGKATITADTSSNTAYLQLSSLTSEDTAVYYCASNWDPYWGHGTLVTVS`AARPT	1,2,3,4,5,6,7,8,9,10,11,12,13,14,15,16,17,18,19,20,21,22,23,24,25,26,27,28,29,30,31,32,33,34,35,36,37,38,39,40,41,42,43,44,45,46,47,48,49,50,51,52,53,54,55,56,57,58,59,60,61,62,63,64,65,66,67,68,69,70,71,72,73,74,75,76,77,78,79,80,81,82,83,84,85,86,87,88,89,90,91,92,93,94,95,96,97,98,99,100,101,102,103,104,105,106,107,108,109,110,111,112,113,114,115,116,117,118,119,120,121,122,123,124,125,126,127,128	Q,V,Q,L,Q,Q,P,G,A,-,E,L,V,K,P,G,A,S,V,K,L,S,C,T,A,S,G,F,K,I,-,-,-,-,K,D,T,Y,M,H,W,V,K,Q,R,P,D,Q,G,L,E,W,I,G,R,I,E,P,V,-,-,N,S,D,T,K,Y,D,P,K,F,Q,-,G,K,A,T,I,T,A,D,T,S,S,N,T,A,Y,L,Q,L,S,S,L,T,S,E,D,T,A,V,Y,Y,C,A,S,N,W,-,-,-,-,-,-,D,P,Y,W,G,H,G,T,L,V,T,V,S,A
Psanger_Gs1	Psanger	None	L109/57	HC	1	100	1	Sanger	ATGGAATGGAACTGGGTCGTTCTCTTCCTCCTGTCATTAACTGCAGGTGTCTATGCCCAGGGTCAGATGCAGCAGTCTGGAGCTGAGCTGGTGAAGCCTGGGGCTTCAGTGAAGCTGTCCTGCAAGACTTCTGGCTTCACCTTCAGCAGTAGCTATATAAGTTGGTTGAAGCAAAAGCCTGGACAGAGTCTTGAGTGGATTGCATGGATTTATGCTGGAACTGGTGATACTAACTATAATCAGAAGTTCACAGGCAAGGCCCAACTGACTGTAGACACATCCTCCAGCACAGCCTACATGCAATTCAGCAGCCTGACAGCTGAGGACTCTGCCATCTATTACTGTGCAAGACACAAATATAGGTACCTTGACTACTGGGGCCAAGGCACCACTCTCACAGTCTCCTCA		H	8.6e-54	171.9	19	135	imgt	0	MEWNWVVLFLLSLTAGVYA`QGQMQQSGAELVKPGASVKLSCKTSGFTFSSSYISWLKQKPGQSLEWIAWIYAGTGDTNYNQKFTGKAQLTVDTSSSTAYMQFSSLTAEDSAIYYCARHKYRYLDYWGQGTTLTVS`S	1,2,3,4,5,6,7,8,9,10,11,12,13,14,15,16,17,18,19,20,21,22,23,24,25,26,27,28,29,30,31,32,33,34,35,36,37,38,39,40,41,42,43,44,45,46,47,48,49,50,51,52,53,54,55,56,57,58,59,60,61,62,63,64,65,66,67,68,69,70,71,72,73,74,75,76,77,78,79,80,81,82,83,84,85,86,87,88,89,90,91,92,93,94,95,96,97,98,99,100,101,102,103,104,105,106,107,108,109,110,111,112,113,114,115,116,117,118,119,120,121,122,123,124,125,126,127,128	Q,G,Q,M,Q,Q,S,G,A,-,E,L,V,K,P,G,A,S,V,K,L,S,C,K,T,S,G,F,T,F,-,-,-,-,S,S,S,Y,I,S,W,L,K,Q,K,P,G,Q,S,L,E,W,I,A,W,I,Y,A,G,-,-,T,G,D,T,N,Y,N,Q,K,F,T,-,G,K,A,Q,L,T,V,D,T,S,S,S,T,A,Y,M,Q,F,S,S,L,T,A,E,D,S,A,I,Y,Y,C,A,R,H,K,Y,-,-,-,R,Y,L,D,Y,W,G,Q,G,T,T,L,T,V,S,S
Psanger_Gs10	Psanger	None	L114/81	HC	1	100	1	Sanger	ATGAAGCTGTGGCTGAACTGGATTTTCCTTGTAACACTTTTAAATGGTATCCTGTGTGAGGTGAACCTGGTGGAATCTGGAGGAGGCTTGGTACAGCCTGGGGGTTCTCTGAGACTCTCCTGTGCAACTTCTGGGTTCCCCTTCACTGATTTCTACATGAGCTGGGTCCGCCAGCCTCCAGGAAAGGCACTTGAGTGGTTGGGTTTTATTAGAAACAGAGCTCATGGTTACACAACAGAATACAGTGCATCTGTGAAGGGTCGATTCACCTTCTCCAGAGATAATTCCCAAAGCATCCTCTATCTTCAAATGAACACCCTGAGAACTGAGGACAGTGCCACTTATTACTGTGGGGGCGGTAGAGGCCTGGGCTACTGGGGTCAAGGCACCTCAGTCACCGTCTCCTCA		H	8.1e-51	162.6	19	135	imgt	0	MKLWLNWIFLVTLLNGILC`EVNLVESGGGLVQPGGSLRLSCATSGFPFTDFYMSWVRQPPGKALEWLGFIRNRAHGYTTEYSASVKGRFTFSRDNSQSILYLQMNTLRTEDSATYYCGGGRGLGYWGQGTSVTVS`S	1,2,3,4,5,6,7,8,9,10,11,12,13,14,15,16,17,18,19,20,21,22,23,24,25,26,27,28,29,30,31,32,33,34,35,36,37,38,39,40,41,42,43,44,45,46,47,48,49,50,51,52,53,54,55,56,57,58,59,60,61,62,63,64,65,66,67,68,69,70,71,72,73,74,75,76,77,78,79,80,81,82,83,84,85,86,87,88,89,90,91,92,93,94,95,96,97,98,99,100,101,102,103,104,105,106,107,108,109,110,111,112,113,114,115,116,117,118,119,120,121,122,123,124,125,126,127,128	E,V,N,L,V,E,S,G,G,-,G,L,V,Q,P,G,G,S,L,R,L,S,C,A,T,S,G,F,P,F,-,-,-,-,T,D,F,Y,M,S,W,V,R,Q,P,P,G,K,A,L,E,W,L,G,F,I,R,N,R,A,H,G,Y,T,T,E,Y,S,A,S,V,K,-,G,R,F,T,F,S,R,D,N,S,Q,S,I,L,Y,L,Q,M,N,T,L,R,T,E,D,S,A,T,Y,Y,C,G,G,G,R,-,-,-,-,-,G,L,G,Y,W,G,Q,G,T,S,V,T,V,S,S
Psanger_Gs13	Psanger	None	L122/6	HC	1	100	1	Sanger	ATGGCTGTCTTGGGGCTGCTCTTCTGCCTGGTGACATTCCCAAGCTGTGTCCTATCCCAGGTGCAGCTGAAGCAGTCAGGACCTGGCCTAGTGCAGCCCTCACAGAGCCTGTCCATCACCTGCACAGTCTCTGGTTTCTCATTAACTAGCTATGGTGTACACTGGGTTCGCCAGTCTCCAGGAAAGGGTCTGGAGTGGCTGGGAGTGATATGGAGTGGTGGATACACAGACTATAATGCAGCTTTCATATCCAGACTGAGCATCAGCAAGGACGATTCCAAGAGCCAAGTTTTCTTTAAAATGAACAGTCTGCAACCTAATGACACAGCCATATATTACTGTGCCAGTTACTACGGTAATACCTACTGGTACTTCGATGTCTGGGGCGCAGGGACCACGGTCACCGTCTCCTCA		H	2e-53	170.7	19	137	imgt	0	MAVLGLLFCLVTFPSCVLS`QVQLKQSGPGLVQPSQSLSITCTVSGFSLTSYGVHWVRQSPGKGLEWLGVIWSGGYTDYNAAFISRLSISKDDSKSQVFFKMNSLQPNDTAIYYCASYYGNTYWYFDVWGAGTTVTVS`S	1,2,3,4,5,6,7,8,9,10,11,12,13,14,15,16,17,18,19,20,21,22,23,24,25,26,27,28,29,30,31,32,33,34,35,36,37,38,39,40,41,42,43,44,45,46,47,48,49,50,51,52,53,54,55,56,57,58,59,60,61,62,63,64,65,66,67,68,69,70,71,72,73,74,75,76,77,78,79,80,81,82,83,84,85,86,87,88,89,90,91,92,93,94,95,96,97,98,99,100,101,102,103,104,105,106,107,108,109,110,111,112,113,114,115,116,117,118,119,120,121,122,123,124,125,126,127,128	Q,V,Q,L,K,Q,S,G,P,-,G,L,V,Q,P,S,Q,S,L,S,I,T,C,T,V,S,G,F,S,L,-,-,-,-,T,S,Y,G,V,H,W,V,R,Q,S,P,G,K,G,L,E,W,L,G,V,I,W,S,G,-,-,-,G,Y,T,D,Y,N,A,A,F,I,-,S,R,L,S,I,S,K,D,D,S,K,S,Q,V,F,F,K,M,N,S,L,Q,P,N,D,T,A,I,Y,Y,C,A,S,Y,Y,G,N,T,Y,W,Y,F,D,V,W,G,A,G,T,T,V,T,V,S,S
Psanger_Gs16	Psanger	None	N263/31	HC	1	100	1	Sanger	ATGGCTGTCCTGGCATTACTCTTCTGCCTGGTAACATTCCCAAGCTGTATCCTTTCCCAGGTACAGCTGAAGGAGTCAGGACCTGGCCTGGTGGCGCCCTCACAGAGCCTGTCCATCACATGCACCGTCTCAGGGTTCTCATTAACCGGCTATGGTTTAAACTGGGTTCGCCAGCCTCCAGGAAAGGGTCTGGAGTGGCTGGGAATGATATGGACTGATGGAAGCACAGACTATAATTCAGCTCTCAAATCCAGACTGAGCATCAGCAAGGACAACTCCAAGAGCCAGGTTTTCTTAAAGATGAACAGTCTTCAAACTGATGACACAGCCAGGTACTACTGTGCCAGAGATCGCTACGGCGGGTTTGCTTACTGGGGCCAAGGGACTCTGGTCACTGTCTCTGCA		H	6.5e-55	175.6	19	134	imgt	0	MAVLALLFCLVTFPSCILS`QVQLKESGPGLVAPSQSLSITCTVSGFSLTGYGLNWVRQPPGKGLEWLGMIWTDGSTDYNSALKSRLSISKDNSKSQVFLKMNSLQTDDTARYYCARDRYGGFAYWGQGTLVTVS`A	1,2,3,4,5,6,7,8,9,10,11,12,13,14,15,16,17,18,19,20,21,22,23,24,25,26,27,28,29,30,31,32,33,34,35,36,37,38,39,40,41,42,43,44,45,46,47,48,49,50,51,52,53,54,55,56,57,58,59,60,61,62,63,64,65,66,67,68,69,70,71,72,73,74,75,76,77,78,79,80,81,82,83,84,85,86,87,88,89,90,91,92,93,94,95,96,97,98,99,100,101,102,103,104,105,106,107,108,109,110,111,112,113,114,115,116,117,118,119,120,121,122,123,124,125,126,127,128	Q,V,Q,L,K,E,S,G,P,-,G,L,V,A,P,S,Q,S,L,S,I,T,C,T,V,S,G,F,S,L,-,-,-,-,T,G,Y,G,L,N,W,V,R,Q,P,P,G,K,G,L,E,W,L,G,M,I,W,T,D,-,-,-,G,S,T,D,Y,N,S,A,L,K,-,S,R,L,S,I,S,K,D,N,S,K,S,Q,V,F,L,K,M,N,S,L,Q,T,D,D,T,A,R,Y,Y,C,A,R,D,R,Y,-,-,-,G,G,F,A,Y,W,G,Q,G,T,L,V,T,V,S,A
Psanger_Gs19	Psanger	None	N486/32	HC	1	100	1	Sanger	ATGAAATGCAGCTGGGTCATCTTCTTCCTGATGGCAGTGGTTATAGGAATCAATTCAGAGGTTCAGCTGCAGCAGTCTGGGGCAGAGCTTGTGAGGTCAGGGGCCTCAGTCAAGTTGTCCTGCACAGCTTCTGGCTTCAACATTAAAGACTACTATATGCACTGGGTGAAGCAGAGGCCTGAACAGGGCCTGGAGTGGATTGGATGGATGGATCCTAAGAATGGAGATACTGAATATGCCCCGAAATTCCAGGGCAAGGCCACTATGACTGCAGACACATCCTCCAACACAGCCTACCTGCAGCTCAGCAGCCTGACATCTGATGACACTGCCGTCTATTACTGTCATGACGCGATTACTACGCCTACCCGGAACTTCGATGTCTGGGGCGCAGGGACCACGGTCACCGTCTCCTCA		H	1.3e-55	177.8	19	138	imgt	0	MKCSWVIFFLMAVVIGINS`EVQLQQSGAELVRSGASVKLSCTASGFNIKDYYMHWVKQRPEQGLEWIGWMDPKNGDTEYAPKFQGKATMTADTSSNTAYLQLSSLTSDDTAVYYCHDAITTPTRNFDVWGAGTTVTVS`S	1,2,3,4,5,6,7,8,9,10,11,12,13,14,15,16,17,18,19,20,21,22,23,24,25,26,27,28,29,30,31,32,33,34,35,36,37,38,39,40,41,42,43,44,45,46,47,48,49,50,51,52,53,54,55,56,57,58,59,60,61,62,63,64,65,66,67,68,69,70,71,72,73,74,75,76,77,78,79,80,81,82,83,84,85,86,87,88,89,90,91,92,93,94,95,96,97,98,99,100,101,102,103,104,105,106,107,108,109,110,111,112,113,114,115,116,117,118,119,120,121,122,123,124,125,126,127,128	E,V,Q,L,Q,Q,S,G,A,-,E,L,V,R,S,G,A,S,V,K,L,S,C,T,A,S,G,F,N,I,-,-,-,-,K,D,Y,Y,M,H,W,V,K,Q,R,P,E,Q,G,L,E,W,I,G,W,M,D,P,K,-,-,N,G,D,T,E,Y,A,P,K,F,Q,-,G,K,A,T,M,T,A,D,T,S,S,N,T,A,Y,L,Q,L,S,S,L,T,S,D,D,T,A,V,Y,Y,C,H,D,A,I,T,T,P,T,R,N,F,D,V,W,G,A,G,T,T,V,T,V,S,S
Psanger_Gs4	Psanger	None	L111/118	HC	1	100	1	Sanger	ATGGGATGGAGCTATGTCATTTTCTTTTTGGTAGCAACAGCTACAGGTGTCCACTCCCAGGTCCAACTCCAGCAGCCTGGGGCTGAACTGGTGAAGCCTGGGGCTTCAGTGAAGTTGTCCTGCAAGGCTTCTGGCTTCACCTTCACCAGATACTGGATGCACTGGGTGAAGCTGAGGCCTGGACAAGGCTTTGAGTGGATTGGAGAGATTAATCCTAGCCATGGTGGTACTACCTACAATGAGAAATTCAAAAGAAAGGCCGCACTGACTGTAGACAAATCCTCCAGCACAGCCTACATGCAACTCAACAGCCTGACATCTGAGGACTCTGCGGTCTATTACTGTTCAATTTGGGATTCCTACTTTGACTACTGGGGCCAAGGCACCACTCTCACAGTCTCCTCA		H	1.3e-56	181.0	19	134	imgt	0	MGWSYVIFFLVATATGVHS`QVQLQQPGAELVKPGASVKLSCKASGFTFTRYWMHWVKLRPGQGFEWIGEINPSHGGTTYNEKFKRKAALTVDKSSSTAYMQLNSLTSEDSAVYYCSIWDSYFDYWGQGTTLTVS`S	1,2,3,4,5,6,7,8,9,10,11,12,13,14,15,16,17,18,19,20,21,22,23,24,25,26,27,28,29,30,31,32,33,34,35,36,37,38,39,40,41,42,43,44,45,46,47,48,49,50,51,52,53,54,55,56,57,58,59,60,61,62,63,64,65,66,67,68,69,70,71,72,73,74,75,76,77,78,79,80,81,82,83,84,85,86,87,88,89,90,91,92,93,94,95,96,97,98,99,100,101,102,103,104,105,106,107,108,109,110,111,112,113,114,115,116,117,118,119,120,121,122,123,124,125,126,127,128	Q,V,Q,L,Q,Q,P,G,A,-,E,L,V,K,P,G,A,S,V,K,L,S,C,K,A,S,G,F,T,F,-,-,-,-,T,R,Y,W,M,H,W,V,K,L,R,P,G,Q,G,F,E,W,I,G,E,I,N,P,S,-,-,H,G,G,T,T,Y,N,E,K,F,K,-,R,K,A,A,L,T,V,D,K,S,S,S,T,A,Y,M,Q,L,N,S,L,T,S,E,D,S,A,V,Y,Y,C,S,I,W,D,S,-,-,-,-,Y,F,D,Y,W,G,Q,G,T,T,L,T,V,S,S
Psanger_Gs7	Psanger	None	L114/3	HC	1	100	1	Sanger	ATGAAATGCAGCTGGGTTATCTTCTTCCTGATGGCAGTGGTTACAGGGGTCAATTCAGAGGTTCAGCTGCAGCAGTCTGGGGCAGAGCTTGTGAAGCCAGGGGCCTCAGTCAAGTTGTCCTGCACAGCTTCTGGCTTCAACATTAAAGACACTTATATGCACTGGGTGAAGCAGAGGCCTGAACAGGGCCTGGAGTGGATTGGAAGGATTGATCCTACGAGTGATAATACTAAATATGACCCGAAGTTCCAGGGCAAGGCCACTATAACAGCAGACACATCCTCCAACACAGCCTACCTGCAGCTCAGCAGCCTGACATCTGAGGACACTGCCGTCTATTACTGTGCTAGATGGGAGGTACGACGGATGGACTACTGGGGTCAAGGAACCTCAGTCACCGTCTCCTCA		H	1.6e-58	187.2	19	135	imgt	0	MKCSWVIFFLMAVVTGVNS`EVQLQQSGAELVKPGASVKLSCTASGFNIKDTYMHWVKQRPEQGLEWIGRIDPTSDNTKYDPKFQGKATITADTSSNTAYLQLSSLTSEDTAVYYCARWEVRRMDYWGQGTSVTVS`S	1,2,3,4,5,6,7,8,9,10,11,12,13,14,15,16,17,18,19,20,21,22,23,24,25,26,27,28,29,30,31,32,33,34,35,36,37,38,39,40,41,42,43,44,45,46,47,48,49,50,51,52,53,54,55,56,57,58,59,60,61,62,63,64,65,66,67,68,69,70,71,72,73,74,75,76,77,78,79,80,81,82,83,84,85,86,87,88,89,90,91,92,93,94,95,96,97,98,99,100,101,102,103,104,105,106,107,108,109,110,111,112,113,114,115,116,117,118,119,120,121,122,123,124,125,126,127,128	E,V,Q,L,Q,Q,S,G,A,-,E,L,V,K,P,G,A,S,V,K,L,S,C,T,A,S,G,F,N,I,-,-,-,-,K,D,T,Y,M,H,W,V,K,Q,R,P,E,Q,G,L,E,W,I,G,R,I,D,P,T,-,-,S,D,N,T,K,Y,D,P,K,F,Q,-,G,K,A,T,I,T,A,D,T,S,S,N,T,A,Y,L,Q,L,S,S,L,T,S,E,D,T,A,V,Y,Y,C,A,R,W,E,V,-,-,-,R,R,M,D,Y,W,G,Q,G,T,S,V,T,V,S,S
Psanger_128612	Psanger	None	D3/71R	LC	1	100	1	Sanger	ATGGAGTTTCAGACCCAGGTACTCATGTCCCTGCTGCTCTGCATGTCTGGTGCGGCCGCAGACATTGTGCTGACCCAAACTCCACTCTCCCTGCCTGTCAGTCTTGGAGATCAAGCCTCCATCTCTTGCAGATCTAGTCAGAGTATTGTTCATAGTAATGGAATCACCTTTTTAGAATGGTACCTGCAGAAACCAGGCCAGTCTCCAGAGCTCCTGATCTACAAAGTTTCCAACCGATTTTCTGGGGTCCCAGACAGGTTCAGTGGCAGTGGATCAGGGACAGATTTCACACTCAAGATCAGCAGAGTGGAGGCTGAGGATCTGGGAGTTTATTATTGCTTTCAAGGTTCACATTTTCCTCCGACGTTCGGTGGAGGCACCAAGCTGGAAATCAAACGGGCT		K	3.3e-55	176.5	20	131	imgt	0	MEFQTQVLMSLLLCMSGAAA`DIVLTQTPLSLPVSLGDQASISCRSSQSIVHSNGITFLEWYLQKPGQSPELLIYKVSNRFSGVPDRFSGSGSGTDFTLKISRVEAEDLGVYYCFQGSHFPPTFGGGTKLEI`KRA	1,2,3,4,5,6,7,8,9,10,11,12,13,14,15,16,17,18,19,20,21,22,23,24,25,26,27,28,29,30,31,32,33,34,35,36,37,38,39,40,41,42,43,44,45,46,47,48,49,50,51,52,53,54,55,56,57,58,59,60,61,62,63,64,65,66,67,68,69,70,71,72,73,74,75,76,77,78,79,80,81,82,83,84,85,86,87,88,89,90,91,92,93,94,95,96,97,98,99,100,101,102,103,104,105,106,107,108,109,110,111,112,113,114,115,116,117,118,119,120,121,122,123,124,125,126,127	D,I,V,L,T,Q,T,P,L,S,L,P,V,S,L,G,D,Q,A,S,I,S,C,R,S,S,Q,S,I,V,H,S,-,N,G,I,T,F,L,E,W,Y,L,Q,K,P,G,Q,S,P,E,L,L,I,Y,K,V,-,-,-,-,-,-,-,S,N,R,F,S,G,V,P,-,D,R,F,S,G,S,G,-,-,S,G,T,D,F,T,L,K,I,S,R,V,E,A,E,D,L,G,V,Y,Y,C,F,Q,G,S,H,-,-,-,-,F,P,P,T,F,G,G,G,T,K,L,E,I,K
Psanger_128613	Psanger	None	K13/31R	LC	1	100	1	Sanger	ATGGAGTTTCAGACCCAGGTACTCATGTCCCTGCTGCTCTGCATGTCTGGTGCGGCCGCAGACATCCAGATGACACAGACTTCATCCTCCCTGTCTGCCTCTCTGGGAGACAGAGCCACCATCAGTTGCAGTGCAAGTCAGGGCATTAACAATTATTTAAACTGGTATCAGCAGAAACCAGATGGAACTGTTAAACTCCTGATCTATCACACATCAAATTTACAGTCAGGAGTCCCATCAAGGTTCAGTGGCAGTGGGTCTGGGACAGATTATTCTCTCACCATCAGCAACCTGGAACCTGAAGATATTGCCACTTACTATTGTCAGCAGTATAATAAGCTTCCGTACACGTTTGGAGGGGGGACCAAACTGGAAATAAAACGGGCT		K	4.8e-54	172.8	20	126	imgt	0	MEFQTQVLMSLLLCMSGAAA`DIQMTQTSSSLSASLGDRATISCSASQGINNYLNWYQQKPDGTVKLLIYHTSNLQSGVPSRFSGSGSGTDYSLTISNLEPEDIATYYCQQYNKLPYTFGGGTKLEI`KRA	1,2,3,4,5,6,7,8,9,10,11,12,13,14,15,16,17,18,19,20,21,22,23,24,25,26,27,28,29,30,31,32,33,34,35,36,37,38,39,40,41,42,43,44,45,46,47,48,49,50,51,52,53,54,55,56,57,58,59,60,61,62,63,64,65,66,67,68,69,70,71,72,73,74,75,76,77,78,79,80,81,82,83,84,85,86,87,88,89,90,91,92,93,94,95,96,97,98,99,100,101,102,103,104,105,106,107,108,109,110,111,112,113,114,115,116,117,118,119,120,121,122,123,124,125,126,127	D,I,Q,M,T,Q,T,S,S,S,L,S,A,S,L,G,D,R,A,T,I,S,C,S,A,S,Q,G,I,-,-,-,-,-,-,N,N,Y,L,N,W,Y,Q,Q,K,P,D,G,T,V,K,L,L,I,Y,H,T,-,-,-,-,-,-,-,S,N,L,Q,S,G,V,P,-,S,R,F,S,G,S,G,-,-,S,G,T,D,Y,S,L,T,I,S,N,L,E,P,E,D,I,A,T,Y,Y,C,Q,Q,Y,N,K,-,-,-,-,L,P,Y,T,F,G,G,G,T,K,L,E,I,K
Psanger_128614	Psanger	None	K14/16R	LC	1	100	1	Sanger	ATGGAGTTTCAGACCCAGGTACTCATGTCCCTGCTGCTCTGCATGTCTGGTGCGGCCGCAGATATTGTGATAACCCAGACTCCACTCACTTTGTCGGTTACCATTGGACAACCAGCCTCCATCTCTTGCAAGTCAAGTCAGAGCCTCTTAGATAGTGATGGAAAGACATTTTTGAATTGGTTGTTACTGAGGCCAGGCCAGTCTCCAAAGCGCCTACTCTATCAGGTGTCTAAACTGGACTCTGGAGTCCCTGACAGGTTCACTGGCAGTGGATCAGGGACAGATTTCACACTGAAAATCAGCAGAGTGGAGGCTGAAGATTTGGGAGTTTATTATTGCTGGCAAGGTACACATTTTCCTCAGACATTCGGTGGAGGCACCAACCTGGAAATCAAACGGGCT		K	2.2e-49	157.6	20	131	imgt	0	MEFQTQVLMSLLLCMSGAAA`DIVITQTPLTLSVTIGQPASISCKSSQSLLDSDGKTFLNWLLLRPGQSPKRLLYQVSKLDSGVPDRFTGSGSGTDFTLKISRVEAEDLGVYYCWQGTHFPQTFGGGTNLEI`KRA	1,2,3,4,5,6,7,8,9,10,11,12,13,14,15,16,17,18,19,20,21,22,23,24,25,26,27,28,29,30,31,32,33,34,35,36,37,38,39,40,41,42,43,44,45,46,47,48,49,50,51,52,53,54,55,56,57,58,59,60,61,62,63,64,65,66,67,68,69,70,71,72,73,74,75,76,77,78,79,80,81,82,83,84,85,86,87,88,89,90,91,92,93,94,95,96,97,98,99,100,101,102,103,104,105,106,107,108,109,110,111,112,113,114,115,116,117,118,119,120,121,122,123,124,125,126,127	D,I,V,I,T,Q,T,P,L,T,L,S,V,T,I,G,Q,P,A,S,I,S,C,K,S,S,Q,S,L,L,D,S,-,D,G,K,T,F,L,N,W,L,L,L,R,P,G,Q,S,P,K,R,L,L,Y,Q,V,-,-,-,-,-,-,-,S,K,L,D,S,G,V,P,-,D,R,F,T,G,S,G,-,-,S,G,T,D,F,T,L,K,I,S,R,V,E,A,E,D,L,G,V,Y,Y,C,W,Q,G,T,H,-,-,-,-,F,P,Q,T,F,G,G,G,T,N,L,E,I,K
Psanger_128615	Psanger	None	K17/70R	LC	1	100	1	Sanger	ATGGAGTTTCAGACCCAGGTACTCATGTCCCTGCTGCTCTGCATGTCTGGTGCGGCCGCAGACATCCTGCTGACTCAGACTCCACTCACTTTGTCGGTTACCCTTGGACAACCAGCCTCCATCTCTTGCAAGTCAAGTCAGAGCCTCTTAGATAGTGATGGAAAGACATATTTGAATTGGTTGTTACAGAGGCCAGGCCAGTCTCCAAAGCGCCTAATCTATCTGGTGTCTAAACTGGACTCTGGAGTCCCTGACAGGTTCACTGGCAGTGGATCAGGGACAGATTTCACACTGAAAATCAGCAGAGTGGAGGCTGAGGATTTGGGAGTTTATTATTGCTGGCAAGGTACACATTTTCCGCTCACGTTCGGTGCTGGGACCAAGCTGGAGCTGAAACGGGCT		K	1.1e-52	168.4	20	131	imgt	0	MEFQTQVLMSLLLCMSGAAA`DILLTQTPLTLSVTLGQPASISCKSSQSLLDSDGKTYLNWLLQRPGQSPKRLIYLVSKLDSGVPDRFTGSGSGTDFTLKISRVEAEDLGVYYCWQGTHFPLTFGAGTKLEL`KRA	1,2,3,4,5,6,7,8,9,10,11,12,13,14,15,16,17,18,19,20,21,22,23,24,25,26,27,28,29,30,31,32,33,34,35,36,37,38,39,40,41,42,43,44,45,46,47,48,49,50,51,52,53,54,55,56,57,58,59,60,61,62,63,64,65,66,67,68,69,70,71,72,73,74,75,76,77,78,79,80,81,82,83,84,85,86,87,88,89,90,91,92,93,94,95,96,97,98,99,100,101,102,103,104,105,106,107,108,109,110,111,112,113,114,115,116,117,118,119,120,121,122,123,124,125,126,127	D,I,L,L,T,Q,T,P,L,T,L,S,V,T,L,G,Q,P,A,S,I,S,C,K,S,S,Q,S,L,L,D,S,-,D,G,K,T,Y,L,N,W,L,L,Q,R,P,G,Q,S,P,K,R,L,I,Y,L,V,-,-,-,-,-,-,-,S,K,L,D,S,G,V,P,-,D,R,F,T,G,S,G,-,-,S,G,T,D,F,T,L,K,I,S,R,V,E,A,E,D,L,G,V,Y,Y,C,W,Q,G,T,H,-,-,-,-,F,P,L,T,F,G,A,G,T,K,L,E,L,K
Psanger_128616	Psanger	None	K20/78R	LC	1	100	1	Sanger	ATGGAGTTTCAGACCCAGGTACTCATGTCCCTGCTGCTCTGCATGTCTGGTGCGGCCGCAGAAAATGTGTTGACGCAGGCTGCATTCTCCAATCCAGTCACTCTTGGAACATCAGTTTCCATCTCCTGCAGGTCTAGTAAGAGTCTCCTACATAGTGATGGCATCACTTATTTGTATTGGTATCTGCAGAGGCCAGGCCAGTCTCCTCAGCTCCTGATTTATCAGATGTCCAACCTTGCCTCAGGAGTCCCAGACAGGTTCAGTAGCAGTGGGTCAGGAACTGATTTCACACTGAGAATCAGCAGAGTGGAGGCTGAGGATGTGGGTGTTTATTACTGTGCTCAAAATCTAGAACTTCCGCTCACGTTCGGTGCTGGGACCAAGCTGGAGCTGAAACGGGCT		K	3.9e-49	156.9	20	131	imgt	0	MEFQTQVLMSLLLCMSGAAA`ENVLTQAAFSNPVTLGTSVSISCRSSKSLLHSDGITYLYWYLQRPGQSPQLLIYQMSNLASGVPDRFSSSGSGTDFTLRISRVEAEDVGVYYCAQNLELPLTFGAGTKLEL`KRA	1,2,3,4,5,6,7,8,9,10,11,12,13,14,15,16,17,18,19,20,21,22,23,24,25,26,27,28,29,30,31,32,33,34,35,36,37,38,39,40,41,42,43,44,45,46,47,48,49,50,51,52,53,54,55,56,57,58,59,60,61,62,63,64,65,66,67,68,69,70,71,72,73,74,75,76,77,78,79,80,81,82,83,84,85,86,87,88,89,90,91,92,93,94,95,96,97,98,99,100,101,102,103,104,105,106,107,108,109,110,111,112,113,114,115,116,117,118,119,120,121,122,123,124,125,126,127	E,N,V,L,T,Q,A,A,F,S,N,P,V,T,L,G,T,S,V,S,I,S,C,R,S,S,K,S,L,L,H,S,-,D,G,I,T,Y,L,Y,W,Y,L,Q,R,P,G,Q,S,P,Q,L,L,I,Y,Q,M,-,-,-,-,-,-,-,S,N,L,A,S,G,V,P,-,D,R,F,S,S,S,G,-,-,S,G,T,D,F,T,L,R,I,S,R,V,E,A,E,D,V,G,V,Y,Y,C,A,Q,N,L,E,-,-,-,-,L,P,L,T,F,G,A,G,T,K,L,E,L,K
Psanger_128617	Psanger	None	K25/73R	LC	1	100	1	Sanger	ATGGAGTTTCAGACCCAGGTACTCATGTCCCTGCTGCTCTGCATGTCTGGTGCGGCCGCAGACATTGTGCTGACCCAAACTCCACTCTCCCTGCCTGTCAGTCTTGGAGATCAAGCCTCCATCTCTTGCAGATCTAGTCAGAGCCTTGTATACACTAATGGAAACACCTATTTACATTGGTACCTGCAGAAGCCAGGCCAGTCTCCAAAGCTCCTGATCTACAGAGTTTCCAACCGATTTTCTGGGGTCCCAGACAGGTTCAGTGGCAGTGGATCAGGGACAGATTTCACACTCAAGATCAGCAGAGTGGAGGCTGAGGATCTGGGAGTTTATTTCTGCTCTCAAAGTACACACGTTCCTCCGTACACGTTCGGAGGGGGGACCAAGCTGGAAATAAAACGGGCT		K	5.4e-57	182.2	20	132	imgt	0	MEFQTQVLMSLLLCMSGAAA`DIVLTQTPLSLPVSLGDQASISCRSSQSLVYTNGNTYLHWYLQKPGQSPKLLIYRVSNRFSGVPDRFSGSGSGTDFTLKISRVEAEDLGVYFCSQSTHVPPYTFGGGTKLEI`KRA	1,2,3,4,5,6,7,8,9,10,11,12,13,14,15,16,17,18,19,20,21,22,23,24,25,26,27,28,29,30,31,32,33,34,35,36,37,38,39,40,41,42,43,44,45,46,47,48,49,50,51,52,53,54,55,56,57,58,59,60,61,62,63,64,65,66,67,68,69,70,71,72,73,74,75,76,77,78,79,80,81,82,83,84,85,86,87,88,89,90,91,92,93,94,95,96,97,98,99,100,101,102,103,104,105,106,107,108,109,110,111,112,113,114,115,116,117,118,119,120,121,122,123,124,125,126,127	D,I,V,L,T,Q,T,P,L,S,L,P,V,S,L,G,D,Q,A,S,I,S,C,R,S,S,Q,S,L,V,Y,T,-,N,G,N,T,Y,L,H,W,Y,L,Q,K,P,G,Q,S,P,K,L,L,I,Y,R,V,-,-,-,-,-,-,-,S,N,R,F,S,G,V,P,-,D,R,F,S,G,S,G,-,-,S,G,T,D,F,T,L,K,I,S,R,V,E,A,E,D,L,G,V,Y,F,C,S,Q,S,T,H,-,-,-,V,P,P,Y,T,F,G,G,G,T,K,L,E,I,K
Psanger_128618	Psanger	None	K28/43R	LC	1	100	1	Sanger	ATGGAGTTTCAGACCCAGGTACTCATGTCCCTGCTGCTCTGCATGTCTGGTGCGGCCGCAGAAATTGTGCTAACTCAGTCTCCAGCCACCCTGTCTGTGACTCCAGGAGATAGCGTCAGTCTTTCCTGCAGGGCCAGCCAAAATATTAACAACAACCTACACTGGTATCAACAAAAATCACATGAGTCTCCAAGGCTTCTCATCAAGTATGCTTCCCAGTCCATCTCTGGGATCCCCTCCAGGTTCAGTGGCAGTGGATCAGGGACAGATTTCACTCTCAGTATCAACAGTGTGGAAACTGAAGATTTTGGAATGTATTTCTGTCAACAGAGTAACATCTGGCCGTACATGTACACGTTCGGAGGGGGGACCAAGCTGGAAATAAAACGGGCT		K	1.2e-52	168.2	20	128	imgt	0	MEFQTQVLMSLLLCMSGAAA`EIVLTQSPATLSVTPGDSVSLSCRASQNINNNLHWYQQKSHESPRLLIKYASQSISGIPSRFSGSGSGTDFTLSINSVETEDFGMYFCQQSNIWPYMYTFGGGTKLEI`KRA	1,2,3,4,5,6,7,8,9,10,11,12,13,14,15,16,17,18,19,20,21,22,23,24,25,26,27,28,29,30,31,32,33,34,35,36,37,38,39,40,41,42,43,44,45,46,47,48,49,50,51,52,53,54,55,56,57,58,59,60,61,62,63,64,65,66,67,68,69,70,71,72,73,74,75,76,77,78,79,80,81,82,83,84,85,86,87,88,89,90,91,92,93,94,95,96,97,98,99,100,101,102,103,104,105,106,107,108,109,110,111,112,113,114,115,116,117,118,119,120,121,122,123,124,125,126,127	E,I,V,L,T,Q,S,P,A,T,L,S,V,T,P,G,D,S,V,S,L,S,C,R,A,S,Q,N,I,-,-,-,-,-,-,N,N,N,L,H,W,Y,Q,Q,K,S,H,E,S,P,R,L,L,I,K,Y,A,-,-,-,-,-,-,-,S,Q,S,I,S,G,I,P,-,S,R,F,S,G,S,G,-,-,S,G,T,D,F,T,L,S,I,N,S,V,E,T,E,D,F,G,M,Y,F,C,Q,Q,S,N,I,W,-,-,P,Y,M,Y,T,F,G,G,G,T,K,L,E,I,K
Psanger_128619	Psanger	None	K36/15R	LC	1	100	1	Sanger	ATGGAGTTTCAGACCCAGGTACTCATGTCCCTGCTGCTCTGCATGTCTGGTGCGGCCGCAGACATTGTGATGACCCAAACTCCACTCTCCCTGCCTGTCAGTCTTGGAGATCAAGCCTCCATCTCTTGCAGATCTAGTCAGAGCATTCTACATAGTAATGGAAACACCTATTTGGAATGGTACCTGCAGAGACCAGGCCAGTCTCCAAAACTCCTGATTTACAAAGTTTCCAACCGATTTTCTGGGGTCCCAGACAGGTTCAGTGGCAGTGGATCAGGGACAGATTTCACACTCAAGATCAGCAGAGTGGAGGCTGAGGATCTGGGAGTTTATTATTGCTTTCAAGGTTCATATGCTCCGTTCACGTTCGGAGGGGGGACCAAGCTGGAAATAAAACGGGCT		K	7.3e-58	185.0	20	131	imgt	0	MEFQTQVLMSLLLCMSGAAA`DIVMTQTPLSLPVSLGDQASISCRSSQSILHSNGNTYLEWYLQRPGQSPKLLIYKVSNRFSGVPDRFSGSGSGTDFTLKISRVEAEDLGVYYCFQGSYAPFTFGGGTKLEI`KRA	1,2,3,4,5,6,7,8,9,10,11,12,13,14,15,16,17,18,19,20,21,22,23,24,25,26,27,28,29,30,31,32,33,34,35,36,37,38,39,40,41,42,43,44,45,46,47,48,49,50,51,52,53,54,55,56,57,58,59,60,61,62,63,64,65,66,67,68,69,70,71,72,73,74,75,76,77,78,79,80,81,82,83,84,85,86,87,88,89,90,91,92,93,94,95,96,97,98,99,100,101,102,103,104,105,106,107,108,109,110,111,112,113,114,115,116,117,118,119,120,121,122,123,124,125,126,127	D,I,V,M,T,Q,T,P,L,S,L,P,V,S,L,G,D,Q,A,S,I,S,C,R,S,S,Q,S,I,L,H,S,-,N,G,N,T,Y,L,E,W,Y,L,Q,R,P,G,Q,S,P,K,L,L,I,Y,K,V,-,-,-,-,-,-,-,S,N,R,F,S,G,V,P,-,D,R,F,S,G,S,G,-,-,S,G,T,D,F,T,L,K,I,S,R,V,E,A,E,D,L,G,V,Y,Y,C,F,Q,G,S,Y,-,-,-,-,A,P,F,T,F,G,G,G,T,K,L,E,I,K
Psanger_128620	Psanger	None	K39/25R	LC	1	100	1	Sanger	ATGGAGTTTCAGACCCAGGTACTCATGTCCCTGCTGCTCTGCATGTCTGGTGCGGCCGCAGACATTGTGATGACCCAGTCTCCAGCCATCCTGTCTGTGAGTCCAGGAGAAAGAGTCAGTTTCTCCTGCAGGGCCAGTCAGAGCATTGGCACAAGCATACACTGGTATCAGCAAAGAACAAATGGTTCTCCAAGGCTTCTCATAAAGTATGCTTCTGAGTCTATCTCTGGGATCCCTTCCAGGTTTAGTGGCAGTGGATCAGGGACAGATTTTACTCTTAGCATCAACAGTGTGGAGTCTGAAGATATTGCAGATTATTACTGTCAACAAAGTATTACCTGGCCAACGTTCACGTTCGGTGCTGGGACCAAGCTGGAGCTGAAACGGGC		K	9.2e-52	165.4	20	127	imgt	0	MEFQTQVLMSLLLCMSGAAA`DIVMTQSPAILSVSPGERVSFSCRASQSIGTSIHWYQQRTNGSPRLLIKYASESISGIPSRFSGSGSGTDFTLSINSVESEDIADYYCQQSITWPTFTFGAGTKLEL`KRA	1,2,3,4,5,6,7,8,9,10,11,12,13,14,15,16,17,18,19,20,21,22,23,24,25,26,27,28,29,30,31,32,33,34,35,36,37,38,39,40,41,42,43,44,45,46,47,48,49,50,51,52,53,54,55,56,57,58,59,60,61,62,63,64,65,66,67,68,69,70,71,72,73,74,75,76,77,78,79,80,81,82,83,84,85,86,87,88,89,90,91,92,93,94,95,96,97,98,99,100,101,102,103,104,105,106,107,108,109,110,111,112,113,114,115,116,117,118,119,120,121,122,123,124,125,126,127	D,I,V,M,T,Q,S,P,A,I,L,S,V,S,P,G,E,R,V,S,F,S,C,R,A,S,Q,S,I,-,-,-,-,-,-,G,T,S,I,H,W,Y,Q,Q,R,T,N,G,S,P,R,L,L,I,K,Y,A,-,-,-,-,-,-,-,S,E,S,I,S,G,I,P,-,S,R,F,S,G,S,G,-,-,S,G,T,D,F,T,L,S,I,N,S,V,E,S,E,D,I,A,D,Y,Y,C,Q,Q,S,I,T,-,-,-,W,P,T,F,T,F,G,A,G,T,K,L,E,L,K
Psanger_128621	Psanger	None	K51/1R	LC	1	100	1	Sanger	ATGGAGTTTCAGACCCAGGTACTCATGTCCCTGCTGCTCTGCATGTCTGGTGCGGCCGCAGACATTCTGATGACCCAGACTCCCCTCACTTTGTCGGTTACCATTGGACAACCAGCCTCCATCTCTTGCAAGTCAAGTCAGAGCCTCTTAGATAGTAATGGAAAGACATATTTGAATTGGTTGTTTCAGAGGCCAGGCCAGTCTCCAAAGCGCCTAGTCTATCTGGTGTCTAAAGTGGACTCTGGAGTCCCTGACAGGTTCACTGGCAGTGGATCAGGGACAGATTTCACACTGAAAATCAGCAGAGTGGAGGCTGAGGATTTGGGAGTTTATTATTGCTGGCAAGGTACACATTTTCCGACGTTCGGTGGAGGCACCAAGCTGGAAATCAAACGGGCT		K	2.5e-51	163.9	20	130	imgt	0	MEFQTQVLMSLLLCMSGAAA`DILMTQTPLTLSVTIGQPASISCKSSQSLLDSNGKTYLNWLFQRPGQSPKRLVYLVSKVDSGVPDRFTGSGSGTDFTLKISRVEAEDLGVYYCWQGTHFPTFGGGTKLEI`KRA	1,2,3,4,5,6,7,8,9,10,11,12,13,14,15,16,17,18,19,20,21,22,23,24,25,26,27,28,29,30,31,32,33,34,35,36,37,38,39,40,41,42,43,44,45,46,47,48,49,50,51,52,53,54,55,56,57,58,59,60,61,62,63,64,65,66,67,68,69,70,71,72,73,74,75,76,77,78,79,80,81,82,83,84,85,86,87,88,89,90,91,92,93,94,95,96,97,98,99,100,101,102,103,104,105,106,107,108,109,110,111,112,113,114,115,116,117,118,119,120,121,122,123,124,125,126,127	D,I,L,M,T,Q,T,P,L,T,L,S,V,T,I,G,Q,P,A,S,I,S,C,K,S,S,Q,S,L,L,D,S,-,N,G,K,T,Y,L,N,W,L,F,Q,R,P,G,Q,S,P,K,R,L,V,Y,L,V,-,-,-,-,-,-,-,S,K,V,D,S,G,V,P,-,D,R,F,T,G,S,G,-,-,S,G,T,D,F,T,L,K,I,S,R,V,E,A,E,D,L,G,V,Y,Y,C,W,Q,G,T,-,-,-,-,-,H,F,P,T,F,G,G,G,T,K,L,E,I,K
Psanger_128622	Psanger	None	K57/1R	LC	1	100	1	Sanger	ATGGAGTTTCAGACCCAGGTACTCATGTCCCTGCTGCTCTGCATGTCTGGTGCGGCCGCAGATATTGTGATAACCCAAACTCCACTCTCCCTGCCTGTCAGTCTTGGAGATCAAGCCTCCATCTCTTGCAGATCTAGTCAGAGCCTTGTACACAGTGATGGAATCACCTATTTACATTGGTTCCTGCAGAAGCCAGGCCAGTCTCCAAAGCTCCTGATCTACAAAGTTTCCAACCGATTTTCTGGGGTCCCAGACAGGTTCAGTGGCAGTGGATCAGGGACAGATTTCACACTCAAGATCAGCAGAGTGGAGGCTGAGGATCTGGGAGTTTATTTCTGCTCTCAAAGTACACATATATACACGTTCGGAGGGGGGACCAAGCTGGAAATAAAACGGGCT		K	2.9e-56	179.9	20	130	imgt	0	MEFQTQVLMSLLLCMSGAAA`DIVITQTPLSLPVSLGDQASISCRSSQSLVHSDGITYLHWFLQKPGQSPKLLIYKVSNRFSGVPDRFSGSGSGTDFTLKISRVEAEDLGVYFCSQSTHIYTFGGGTKLEI`KRA	1,2,3,4,5,6,7,8,9,10,11,12,13,14,15,16,17,18,19,20,21,22,23,24,25,26,27,28,29,30,31,32,33,34,35,36,37,38,39,40,41,42,43,44,45,46,47,48,49,50,51,52,53,54,55,56,57,58,59,60,61,62,63,64,65,66,67,68,69,70,71,72,73,74,75,76,77,78,79,80,81,82,83,84,85,86,87,88,89,90,91,92,93,94,95,96,97,98,99,100,101,102,103,104,105,106,107,108,109,110,111,112,113,114,115,116,117,118,119,120,121,122,123,124,125,126,127	D,I,V,I,T,Q,T,P,L,S,L,P,V,S,L,G,D,Q,A,S,I,S,C,R,S,S,Q,S,L,V,H,S,-,D,G,I,T,Y,L,H,W,F,L,Q,K,P,G,Q,S,P,K,L,L,I,Y,K,V,-,-,-,-,-,-,-,S,N,R,F,S,G,V,P,-,D,R,F,S,G,S,G,-,-,S,G,T,D,F,T,L,K,I,S,R,V,E,A,E,D,L,G,V,Y,F,C,S,Q,S,T,-,-,-,-,-,H,I,Y,T,F,G,G,G,T,K,L,E,I,K
Psanger_128623	Psanger	None	K58/35R	LC	1	100	1	Sanger	ATGGAGTTTCAGACCCAGGTACTCATGTCCCTGCTGCTCTGCATGTCTGGTGCGGCCGCAGAAATTGTGCTAACTCAGTCTCCAAAATTCATGTCCACATCAGTAGGAGACAGAGTCAGCGTCACCTGCAAGGCCAGTCAGAATGTGGATACTGATGTAGCCTGGTATCAACAGAAAGTAGGGCAATCTCCTAAAGCAATGATTTATTCGGCATCCTACCGGTACAGTGAAGTCCCTGATCGCTTCACAGGCAGTGGATCTGGGACAGATTTCACTCTCACCATCAGCAATGTGCAGTCTGAAGACTTGGCAGAGTATTTCTGTCAGCAATATAACAGCCATCCTCTCACGTTCGGAGGGGGGACCAAGCTGGAAATAAAACGGGCT		K	1.9e-51	164.4	20	126	imgt	0	MEFQTQVLMSLLLCMSGAAA`EIVLTQSPKFMSTSVGDRVSVTCKASQNVDTDVAWYQQKVGQSPKAMIYSASYRYSEVPDRFTGSGSGTDFTLTISNVQSEDLAEYFCQQYNSHPLTFGGGTKLEI`KRA	1,2,3,4,5,6,7,8,9,10,11,12,13,14,15,16,17,18,19,20,21,22,23,24,25,26,27,28,29,30,31,32,33,34,35,36,37,38,39,40,41,42,43,44,45,46,47,48,49,50,51,52,53,54,55,56,57,58,59,60,61,62,63,64,65,66,67,68,69,70,71,72,73,74,75,76,77,78,79,80,81,82,83,84,85,86,87,88,89,90,91,92,93,94,95,96,97,98,99,100,101,102,103,104,105,106,107,108,109,110,111,112,113,114,115,116,117,118,119,120,121,122,123,124,125,126,127	E,I,V,L,T,Q,S,P,K,F,M,S,T,S,V,G,D,R,V,S,V,T,C,K,A,S,Q,N,V,-,-,-,-,-,-,D,T,D,V,A,W,Y,Q,Q,K,V,G,Q,S,P,K,A,M,I,Y,S,A,-,-,-,-,-,-,-,S,Y,R,Y,S,E,V,P,-,D,R,F,T,G,S,G,-,-,S,G,T,D,F,T,L,T,I,S,N,V,Q,S,E,D,L,A,E,Y,F,C,Q,Q,Y,N,S,-,-,-,-,H,P,L,T,F,G,G,G,T,K,L,E,I,K
Psanger_128624	Psanger	None	K64/15R	LC	1	100	1	Sanger	ATGGAGTTTCAGACCCAGGTACTCATGTCCCTGCTGCTCTGCATGTCTGGTGCGGCCGCAGAAAATGTGTTGACCCAATCTCCAGCTTCTTTGGCTGTGTCTCTAGGGCAGAGGGCCACCATCTCCTGCAGAGCCAGCGAAAGTGTTGATATTTATGGCATTAGTTTTATGAACTGGTTCCAACAGAAACCAGGACAGCCACCCAAACTCCTCATCTATGCTGCATCCACCCAAGGATCCGGGGTCCCTGCCAGGTTTAGTGGCAGTGGGTCTGGGACAGACTTCAGCCTCAACATCCATCCTATGGAGGAGGATGATACTGCAATGTATTTCTGTCAGCAAAGTAAGGAGGTTCCTCCGACGTTCGGTGGAGGCACCAAGCTGGAAATCAAACGGGCT		K	5.3e-51	162.9	20	130	imgt	0	MEFQTQVLMSLLLCMSGAAA`ENVLTQSPASLAVSLGQRATISCRASESVDIYGISFMNWFQQKPGQPPKLLIYAASTQGSGVPARFSGSGSGTDFSLNIHPMEEDDTAMYFCQQSKEVPPTFGGGTKLEI`KRA	1,2,3,4,5,6,7,8,9,10,11,12,13,14,15,16,17,18,19,20,21,22,23,24,25,26,27,28,29,30,31,32,33,34,35,36,37,38,39,40,41,42,43,44,45,46,47,48,49,50,51,52,53,54,55,56,57,58,59,60,61,62,63,64,65,66,67,68,69,70,71,72,73,74,75,76,77,78,79,80,81,82,83,84,85,86,87,88,89,90,91,92,93,94,95,96,97,98,99,100,101,102,103,104,105,106,107,108,109,110,111,112,113,114,115,116,117,118,119,120,121,122,123,124,125,126,127	E,N,V,L,T,Q,S,P,A,S,L,A,V,S,L,G,Q,R,A,T,I,S,C,R,A,S,E,S,V,D,I,-,-,Y,G,I,S,F,M,N,W,F,Q,Q,K,P,G,Q,P,P,K,L,L,I,Y,A,A,-,-,-,-,-,-,-,S,T,Q,G,S,G,V,P,-,A,R,F,S,G,S,G,-,-,S,G,T,D,F,S,L,N,I,H,P,M,E,E,D,D,T,A,M,Y,F,C,Q,Q,S,K,E,-,-,-,-,V,P,P,T,F,G,G,G,T,K,L,E,I,K
Psanger_128625	Psanger	None	K66/38R	LC	1	100	1	Sanger	ATGGAGTTTCAGACCCAGGTACTCATGTCCCTGCTGCTCTGCATGTCTGGTGCGGCCGCAGAAACAACTGTGACCCAGTCTCCAGCAATCATGTCTGCATCTCCAGGGGAGAAGGTCACCATGACCTGCAGTGCCAGCTCAAGTGTAAGTTACATGCACTGGTACCAGCAGAAGTCAGGCACCTCCCCCAAAAGATGGATTTATGACACATCCAAACTGGCTTCTGGAGTCCCTGATCGCTTCAGTGGCAGTGGGTCTGGGACCTCTTACTCTCTCACAATCAGCAGCATGGAGGCTGAAGATGCTGCCACTTATTACTGCCAGCAGTGGAGTAGTAACCCACCCACGTTCGGCTCGGGGACAAAGTTGGAAATAAAACGGGCT		K	2.2e-52	167.4	20	125	imgt	0	MEFQTQVLMSLLLCMSGAAA`ETTVTQSPAIMSASPGEKVTMTCSASSSVSYMHWYQQKSGTSPKRWIYDTSKLASGVPDRFSGSGSGTSYSLTISSMEAEDAATYYCQQWSSNPPTFGSGTKLEI`KRA	1,2,3,4,5,6,7,8,9,10,11,12,13,14,15,16,17,18,19,20,21,22,23,24,25,26,27,28,29,30,31,32,33,34,35,36,37,38,39,40,41,42,43,44,45,46,47,48,49,50,51,52,53,54,55,56,57,58,59,60,61,62,63,64,65,66,67,68,69,70,71,72,73,74,75,76,77,78,79,80,81,82,83,84,85,86,87,88,89,90,91,92,93,94,95,96,97,98,99,100,101,102,103,104,105,106,107,108,109,110,111,112,113,114,115,116,117,118,119,120,121,122,123,124,125,126,127	E,T,T,V,T,Q,S,P,A,I,M,S,A,S,P,G,E,K,V,T,M,T,C,S,A,S,S,S,V,-,-,-,-,-,-,-,S,Y,M,H,W,Y,Q,Q,K,S,G,T,S,P,K,R,W,I,Y,D,T,-,-,-,-,-,-,-,S,K,L,A,S,G,V,P,-,D,R,F,S,G,S,G,-,-,S,G,T,S,Y,S,L,T,I,S,S,M,E,A,E,D,A,A,T,Y,Y,C,Q,Q,W,S,S,-,-,-,-,N,P,P,T,F,G,S,G,T,K,L,E,I,K
Psanger_128626	Psanger	None	K74/71R	LC	1	100	1	Sanger	ATGGAGTTTCAGACCCAGGTACTCATGTCCCTGCTGCTCTGCATGTCTGGTGCGGCCGCAGAAAATGTGCTGACCCAGACTCCACTCACTTTGTCGGTTACCATTGGACAACCAGCCTCCATCTCTTGCAAGTCAAGTCAGAGCCTCTTACATAGTGATGGAAAGACATATTTGAATTGGTTGTTACAGAGGCCAGGCCAGTCTCCAAAGCGCCTAATCTATCTGGTGTCTAAATTGGACTCTGGAGTCCCTGACAGGTTCACTGGCAGTGGATCAGGGACAGATTTCACACTGAAAATCAGCAGAGTGGAGGCTGAGGATTTGGGACTTTATTATTGCTGGCAAGGTACACATTTTCCTCACACGTTCGGAGGGGGGACCAAGTTGGAAATAAAACGGGCT		K	1.1e-51	165.1	20	131	imgt	0	MEFQTQVLMSLLLCMSGAAA`ENVLTQTPLTLSVTIGQPASISCKSSQSLLHSDGKTYLNWLLQRPGQSPKRLIYLVSKLDSGVPDRFTGSGSGTDFTLKISRVEAEDLGLYYCWQGTHFPHTFGGGTKLEI`KRA	1,2,3,4,5,6,7,8,9,10,11,12,13,14,15,16,17,18,19,20,21,22,23,24,25,26,27,28,29,30,31,32,33,34,35,36,37,38,39,40,41,42,43,44,45,46,47,48,49,50,51,52,53,54,55,56,57,58,59,60,61,62,63,64,65,66,67,68,69,70,71,72,73,74,75,76,77,78,79,80,81,82,83,84,85,86,87,88,89,90,91,92,93,94,95,96,97,98,99,100,101,102,103,104,105,106,107,108,109,110,111,112,113,114,115,116,117,118,119,120,121,122,123,124,125,126,127	E,N,V,L,T,Q,T,P,L,T,L,S,V,T,I,G,Q,P,A,S,I,S,C,K,S,S,Q,S,L,L,H,S,-,D,G,K,T,Y,L,N,W,L,L,Q,R,P,G,Q,S,P,K,R,L,I,Y,L,V,-,-,-,-,-,-,-,S,K,L,D,S,G,V,P,-,D,R,F,T,G,S,G,-,-,S,G,T,D,F,T,L,K,I,S,R,V,E,A,E,D,L,G,L,Y,Y,C,W,Q,G,T,H,-,-,-,-,F,P,H,T,F,G,G,G,T,K,L,E,I,K
Psanger_128627	Psanger	None	K75/41R	LC	1	100	1	Sanger	ATGGAGTTTCAGACCCAGGTACTCATGTCCCTGCTGCTCTGCATGTCTGGTGCGGCCGCAGACATTGTGATGACCCAAACTCCACTCTCCCTGCCTGTCAGTCTTGGAGATCAGGCCTCCATCTCTTGCAGATCTAGTCAGAGCCTTGTACACAGTAATGGAAACACCTATTTACATTGGTACCTGCAGAAGCCAGGCCAGTCTCCAAACCTCCTGATCTACAAAGTTTCCAACCGATTTTCTGGGGTCCCAGACAGGTTCAGTGGCAGTGGATCAGGGACAGATTTCACACTCAAGATCAGCAGAGTGGAGGCTGAGGATCTGGGAGTTTATTTCTGCTCTCAAAATACACATGTTCCGTGGACGTTCGGTGGAGGCACCAAGCTGGAAATCAAACGGGCT		K	2.8e-58	186.5	20	131	imgt	0	MEFQTQVLMSLLLCMSGAAA`DIVMTQTPLSLPVSLGDQASISCRSSQSLVHSNGNTYLHWYLQKPGQSPNLLIYKVSNRFSGVPDRFSGSGSGTDFTLKISRVEAEDLGVYFCSQNTHVPWTFGGGTKLEI`KRA	1,2,3,4,5,6,7,8,9,10,11,12,13,14,15,16,17,18,19,20,21,22,23,24,25,26,27,28,29,30,31,32,33,34,35,36,37,38,39,40,41,42,43,44,45,46,47,48,49,50,51,52,53,54,55,56,57,58,59,60,61,62,63,64,65,66,67,68,69,70,71,72,73,74,75,76,77,78,79,80,81,82,83,84,85,86,87,88,89,90,91,92,93,94,95,96,97,98,99,100,101,102,103,104,105,106,107,108,109,110,111,112,113,114,115,116,117,118,119,120,121,122,123,124,125,126,127	D,I,V,M,T,Q,T,P,L,S,L,P,V,S,L,G,D,Q,A,S,I,S,C,R,S,S,Q,S,L,V,H,S,-,N,G,N,T,Y,L,H,W,Y,L,Q,K,P,G,Q,S,P,N,L,L,I,Y,K,V,-,-,-,-,-,-,-,S,N,R,F,S,G,V,P,-,D,R,F,S,G,S,G,-,-,S,G,T,D,F,T,L,K,I,S,R,V,E,A,E,D,L,G,V,Y,F,C,S,Q,N,T,H,-,-,-,-,V,P,W,T,F,G,G,G,T,K,L,E,I,K
Psanger_128628	Psanger	None	K89/34R	LC	1	100	1	Sanger	ATGGAGTTTCAGACCCAGGTACTCATGTCCCTGCTGCTCTGCATGTCTGGTGCGGCCGCAGATATCCAGATGACACAGACTCCACTCTCCCTGCCTGTCAGTCTTGGAGATCAGGCCTCCATCTCTTGCAGATCTAGTCAGAGCATTGTACATAGAAACGGAAACACCTATTTAGAATGGTACCTGCAGAAACCAGGCCAGTCTCCAAAACTCCTGATCTACCAAGTTTCCAACCGATTTTCTGGGGTCCCAGACAGGTTCAGTGGCAGTGGATCAGGGACAGATTTCACACTCAAGATCAGCAGAGTGGAGGCTGAGGATCTGGGAGTTTATTACTGCTTTCAAGGTTCACATATTCCTCGGACGTTCGGTGGAGGCACCAAGCTGGAAATCAAACGGGCT		K	6.1e-57	182.0	20	131	imgt	0	MEFQTQVLMSLLLCMSGAAA`DIQMTQTPLSLPVSLGDQASISCRSSQSIVHRNGNTYLEWYLQKPGQSPKLLIYQVSNRFSGVPDRFSGSGSGTDFTLKISRVEAEDLGVYYCFQGSHIPRTFGGGTKLEI`KRA	1,2,3,4,5,6,7,8,9,10,11,12,13,14,15,16,17,18,19,20,21,22,23,24,25,26,27,28,29,30,31,32,33,34,35,36,37,38,39,40,41,42,43,44,45,46,47,48,49,50,51,52,53,54,55,56,57,58,59,60,61,62,63,64,65,66,67,68,69,70,71,72,73,74,75,76,77,78,79,80,81,82,83,84,85,86,87,88,89,90,91,92,93,94,95,96,97,98,99,100,101,102,103,104,105,106,107,108,109,110,111,112,113,114,115,116,117,118,119,120,121,122,123,124,125,126,127	D,I,Q,M,T,Q,T,P,L,S,L,P,V,S,L,G,D,Q,A,S,I,S,C,R,S,S,Q,S,I,V,H,R,-,N,G,N,T,Y,L,E,W,Y,L,Q,K,P,G,Q,S,P,K,L,L,I,Y,Q,V,-,-,-,-,-,-,-,S,N,R,F,S,G,V,P,-,D,R,F,S,G,S,G,-,-,S,G,T,D,F,T,L,K,I,S,R,V,E,A,E,D,L,G,V,Y,Y,C,F,Q,G,S,H,-,-,-,-,I,P,R,T,F,G,G,G,T,K,L,E,I,K
Psanger_128629	Psanger	None	K91/36R	LC	1	100	1	Sanger	ATGGAGTTTCAGACCCAGGTACTCATGTCCCTGCTGCTCTGCATGTCTGGTGCGGCCGCAGACATTGTAATGACCCAGTCTCCAGCAATCATGTCTGCATCTCCAGGGGAGAAGGTCACCATGACCTGCAGTGCCAGCTCAAGTGTAAGTTACATGTATTGGTACCAGCAGAAGCCAGGATCCTCCCCCAGACTCCTGATTTATGACACATCCAACCTGGCTTCTGGAATCCCTATTCGCTTCAGTGGCAGTGGGTCTGGGACCTCTTACTCTCTCACAATCAGCCGAATGGAGGCTGAAGATGCTGCCACTTATTACTGCCAGCAGTGGAGTAGTTACCCGGTCACGTTCGGTGCTGGGACCAAGCTGGAGCTGAAACGGGCT		K	9.9e-54	171.7	20	125	imgt	0	MEFQTQVLMSLLLCMSGAAA`DIVMTQSPAIMSASPGEKVTMTCSASSSVSYMYWYQQKPGSSPRLLIYDTSNLASGIPIRFSGSGSGTSYSLTISRMEAEDAATYYCQQWSSYPVTFGAGTKLEL`KRA	1,2,3,4,5,6,7,8,9,10,11,12,13,14,15,16,17,18,19,20,21,22,23,24,25,26,27,28,29,30,31,32,33,34,35,36,37,38,39,40,41,42,43,44,45,46,47,48,49,50,51,52,53,54,55,56,57,58,59,60,61,62,63,64,65,66,67,68,69,70,71,72,73,74,75,76,77,78,79,80,81,82,83,84,85,86,87,88,89,90,91,92,93,94,95,96,97,98,99,100,101,102,103,104,105,106,107,108,109,110,111,112,113,114,115,116,117,118,119,120,121,122,123,124,125,126,127	D,I,V,M,T,Q,S,P,A,I,M,S,A,S,P,G,E,K,V,T,M,T,C,S,A,S,S,S,V,-,-,-,-,-,-,-,S,Y,M,Y,W,Y,Q,Q,K,P,G,S,S,P,R,L,L,I,Y,D,T,-,-,-,-,-,-,-,S,N,L,A,S,G,I,P,-,I,R,F,S,G,S,G,-,-,S,G,T,S,Y,S,L,T,I,S,R,M,E,A,E,D,A,A,T,Y,Y,C,Q,Q,W,S,S,-,-,-,-,Y,P,V,T,F,G,A,G,T,K,L,E,L,K
Psanger_128630	Psanger	None	L20/8R	LC	1	100	1	Sanger	ATGGAGTTTCAGACCCAGGTACTCATGTCCGTGCTGCTATGCATGTCTGGTGCGGCCGCAGAAAATGTGTTGACCCAGTCTCACAAATTCATGTCCACATCAGTAGGAGACAGGGTCAGCATCACCTGCAAGGCCAGTCAGGATGTGGGTACTGCTGTAGCCTGGTATCAACAGAAACCAGGGCAATCTCCTAAACTACTGATTTACTGGGCATCCACCCGGCACACTGGAGTCCCTGATCGCTTCACAGGCAGTGGATCTGGGACAGATTTCACTCTCACCATTAGCAATGTGCAGTCTGAAGACTTGGCAGATTATTTCTGTCAGCAATATAGCAACTATCCGGTCACGTTCGGTGCTGGGACCAAGCTGGAGCTGAAACGGGCT		K	1.7e-52	167.8	20	126	imgt	0	MEFQTQVLMSVLLCMSGAAA`ENVLTQSHKFMSTSVGDRVSITCKASQDVGTAVAWYQQKPGQSPKLLIYWASTRHTGVPDRFTGSGSGTDFTLTISNVQSEDLADYFCQQYSNYPVTFGAGTKLEL`KRA	1,2,3,4,5,6,7,8,9,10,11,12,13,14,15,16,17,18,19,20,21,22,23,24,25,26,27,28,29,30,31,32,33,34,35,36,37,38,39,40,41,42,43,44,45,46,47,48,49,50,51,52,53,54,55,56,57,58,59,60,61,62,63,64,65,66,67,68,69,70,71,72,73,74,75,76,77,78,79,80,81,82,83,84,85,86,87,88,89,90,91,92,93,94,95,96,97,98,99,100,101,102,103,104,105,106,107,108,109,110,111,112,113,114,115,116,117,118,119,120,121,122,123,124,125,126,127	E,N,V,L,T,Q,S,H,K,F,M,S,T,S,V,G,D,R,V,S,I,T,C,K,A,S,Q,D,V,-,-,-,-,-,-,G,T,A,V,A,W,Y,Q,Q,K,P,G,Q,S,P,K,L,L,I,Y,W,A,-,-,-,-,-,-,-,S,T,R,H,T,G,V,P,-,D,R,F,T,G,S,G,-,-,S,G,T,D,F,T,L,T,I,S,N,V,Q,S,E,D,L,A,D,Y,F,C,Q,Q,Y,S,N,-,-,-,-,Y,P,V,T,F,G,A,G,T,K,L,E,L,K
Psanger_128631	Psanger	None	L28/4R	LC	1	100	1	Sanger	ATGGAGTTTCAGACCCAGGTACTCATGTCCCTGCTGCTCTGCATGTCTGGTGCGGCCGCAGACATTGTGCTAACACAGTCTCCAGCCACCCTGTCTGTGACTCCAGGAGATAGCGTCAGTCTTTCCTGCAGGGCCAGCCAAAGTATTAGCAACAACCTACACTGGTATCAACTAAAGTCACATGAGTCTCCAAGGCTTCTCATCAAGTATGCTTCCCAGTCCATCTCTGGGATCCCCTCCAGGTTCAGTGGCAGTGGATCAGGGACAGATTTCACTCTCAGTATCAACAGTGTGGAGACTGAAGATTTTGGAATGTATTTCTGTCAACAGAGTAACAGCTGGCCTCAGACGTTCGGTGGAGGCACCAAGCTGGAAATCAAACGGGCT		K	4.5e-50	159.9	20	126	imgt	0	MEFQTQVLMSLLLCMSGAAA`DIVLTQSPATLSVTPGDSVSLSCRASQSISNNLHWYQLKSHESPRLLIKYASQSISGIPSRFSGSGSGTDFTLSINSVETEDFGMYFCQQSNSWPQTFGGGTKLEI`KRA	1,2,3,4,5,6,7,8,9,10,11,12,13,14,15,16,17,18,19,20,21,22,23,24,25,26,27,28,29,30,31,32,33,34,35,36,37,38,39,40,41,42,43,44,45,46,47,48,49,50,51,52,53,54,55,56,57,58,59,60,61,62,63,64,65,66,67,68,69,70,71,72,73,74,75,76,77,78,79,80,81,82,83,84,85,86,87,88,89,90,91,92,93,94,95,96,97,98,99,100,101,102,103,104,105,106,107,108,109,110,111,112,113,114,115,116,117,118,119,120,121,122,123,124,125,126,127	D,I,V,L,T,Q,S,P,A,T,L,S,V,T,P,G,D,S,V,S,L,S,C,R,A,S,Q,S,I,-,-,-,-,-,-,S,N,N,L,H,W,Y,Q,L,K,S,H,E,S,P,R,L,L,I,K,Y,A,-,-,-,-,-,-,-,S,Q,S,I,S,G,I,P,-,S,R,F,S,G,S,G,-,-,S,G,T,D,F,T,L,S,I,N,S,V,E,T,E,D,F,G,M,Y,F,C,Q,Q,S,N,S,-,-,-,-,W,P,Q,T,F,G,G,G,T,K,L,E,I,K
Psanger_128632	Psanger	None	L42/17R	LC	1	100	1	Sanger	ATGGAGTTTCAGACCCAGGTACTCATGTCCCTGCTGCTCTGCATGTCTGGTGCGGCCGCAGACATTGTGCTGACCCAAACTCCACTCTCCCTGCCTGTCAGTCTTGGAGATCAAGCCTCCATCTCTTGCAGATCTAGTCAGAGCATTGTACATAGTAATGGAAACACCTATTTAGAATGGTTCCTGCAGAAACCAGGCCAGTCTCCAAAGCTCCTGATCTACAAAGTTTCCAACCGATTTTCTGGGGTCCCAGACAGGTTCAGTGGTAGTGGATCAGGGACAGATTTCACACTCAAGATCAGCAGAGTGGAGGCTGAGGATCTGGGAGTTTATTACTGCTTTCAAGGTTCACATGTTCCATTCACGTTCGGCTCGGGGACAAAGTTGGAAATAAAACGGGCT		K	2.4e-57	183.3	20	131	imgt	0	MEFQTQVLMSLLLCMSGAAA`DIVLTQTPLSLPVSLGDQASISCRSSQSIVHSNGNTYLEWFLQKPGQSPKLLIYKVSNRFSGVPDRFSGSGSGTDFTLKISRVEAEDLGVYYCFQGSHVPFTFGSGTKLEI`KRA	1,2,3,4,5,6,7,8,9,10,11,12,13,14,15,16,17,18,19,20,21,22,23,24,25,26,27,28,29,30,31,32,33,34,35,36,37,38,39,40,41,42,43,44,45,46,47,48,49,50,51,52,53,54,55,56,57,58,59,60,61,62,63,64,65,66,67,68,69,70,71,72,73,74,75,76,77,78,79,80,81,82,83,84,85,86,87,88,89,90,91,92,93,94,95,96,97,98,99,100,101,102,103,104,105,106,107,108,109,110,111,112,113,114,115,116,117,118,119,120,121,122,123,124,125,126,127	D,I,V,L,T,Q,T,P,L,S,L,P,V,S,L,G,D,Q,A,S,I,S,C,R,S,S,Q,S,I,V,H,S,-,N,G,N,T,Y,L,E,W,F,L,Q,K,P,G,Q,S,P,K,L,L,I,Y,K,V,-,-,-,-,-,-,-,S,N,R,F,S,G,V,P,-,D,R,F,S,G,S,G,-,-,S,G,T,D,F,T,L,K,I,S,R,V,E,A,E,D,L,G,V,Y,Y,C,F,Q,G,S,H,-,-,-,-,V,P,F,T,F,G,S,G,T,K,L,E,I,K
Psanger_128633	Psanger	None	L43/40R	LC	1	100	1	Sanger	ATGGAGTTTCAGACCCAGGTACTCATGTCCCTGCTGCTCTGCATGTCTGGTGCGGCCGCAGAAATTGTGCTGACCCAGACTCCACTCACTTTGTCGGTTACCATTGGACAACCAGCCTCCATCTCTTGCAAGTCAAGTCAGAGCCTCTTAGATAGTGATGGAAAGACATATTTGCATTGGCTATTTCAGAGGCCAGGCCAGTCACCAAAGCGCCTAATCTATTTGGTGTCTAAACTGGACTCTGGAGTCCCTGACAGGTTCACTGGCAGTGGATCAGGGACAGATTTCACACTGAAAATCAGCAGAGTGGAGGCTGAGGATTTGGGAGTTTATTGGTGCTGGCAAGGTACTCATTTTCCGTACACGTTCGGAGGGGGGACCACGCTGGAAATAAAACGGGCT		K	3e-51	163.6	20	131	imgt	0	MEFQTQVLMSLLLCMSGAAA`EIVLTQTPLTLSVTIGQPASISCKSSQSLLDSDGKTYLHWLFQRPGQSPKRLIYLVSKLDSGVPDRFTGSGSGTDFTLKISRVEAEDLGVYWCWQGTHFPYTFGGGTTLEI`KRA	1,2,3,4,5,6,7,8,9,10,11,12,13,14,15,16,17,18,19,20,21,22,23,24,25,26,27,28,29,30,31,32,33,34,35,36,37,38,39,40,41,42,43,44,45,46,47,48,49,50,51,52,53,54,55,56,57,58,59,60,61,62,63,64,65,66,67,68,69,70,71,72,73,74,75,76,77,78,79,80,81,82,83,84,85,86,87,88,89,90,91,92,93,94,95,96,97,98,99,100,101,102,103,104,105,106,107,108,109,110,111,112,113,114,115,116,117,118,119,120,121,122,123,124,125,126,127	E,I,V,L,T,Q,T,P,L,T,L,S,V,T,I,G,Q,P,A,S,I,S,C,K,S,S,Q,S,L,L,D,S,-,D,G,K,T,Y,L,H,W,L,F,Q,R,P,G,Q,S,P,K,R,L,I,Y,L,V,-,-,-,-,-,-,-,S,K,L,D,S,G,V,P,-,D,R,F,T,G,S,G,-,-,S,G,T,D,F,T,L,K,I,S,R,V,E,A,E,D,L,G,V,Y,W,C,W,Q,G,T,H,-,-,-,-,F,P,Y,T,F,G,G,G,T,T,L,E,I,K
Psanger_128634	Psanger	None	L6/23R	LC	1	100	1	Sanger	ATGGAGTTTCAGACCCAGGTACTCATGTCCCTGCTGCTCTGCATGTCTGGTGCGGCCGCAGACATTGTGCTGACTCAGGCTGCACCCTCTGTACCTGTCACTCCTGGAGAGTCAGTATCCATCTCCTGCAGGTCTAGTAAGAGTCTCCTGCATAGTAATGGCAACACTTACTTGTGTTGGTTCCTGCAGAGGCCAGGCCAGTCTCCTCAGCTCCTGATATATCGGATGTCCAACCTTGCCTCAGGAGTCCCAGACAGGTTCAGTGGCAGTGGGTCAGGAACTGCTTTCACACTGAGAATCAGTAGAGTGGAGGCTGAGGATGTGGGTGTTTATTACTGTATGCAACATCTAGAATATCCACTCACGTTCGGCTCGGGGACAAAGTTGGAAATAAAACGGGCT		K	7.3e-52	165.8	20	131	imgt	0	MEFQTQVLMSLLLCMSGAAA`DIVLTQAAPSVPVTPGESVSISCRSSKSLLHSNGNTYLCWFLQRPGQSPQLLIYRMSNLASGVPDRFSGSGSGTAFTLRISRVEAEDVGVYYCMQHLEYPLTFGSGTKLEI`KRA	1,2,3,4,5,6,7,8,9,10,11,12,13,14,15,16,17,18,19,20,21,22,23,24,25,26,27,28,29,30,31,32,33,34,35,36,37,38,39,40,41,42,43,44,45,46,47,48,49,50,51,52,53,54,55,56,57,58,59,60,61,62,63,64,65,66,67,68,69,70,71,72,73,74,75,76,77,78,79,80,81,82,83,84,85,86,87,88,89,90,91,92,93,94,95,96,97,98,99,100,101,102,103,104,105,106,107,108,109,110,111,112,113,114,115,116,117,118,119,120,121,122,123,124,125,126,127	D,I,V,L,T,Q,A,A,P,S,V,P,V,T,P,G,E,S,V,S,I,S,C,R,S,S,K,S,L,L,H,S,-,N,G,N,T,Y,L,C,W,F,L,Q,R,P,G,Q,S,P,Q,L,L,I,Y,R,M,-,-,-,-,-,-,-,S,N,L,A,S,G,V,P,-,D,R,F,S,G,S,G,-,-,S,G,T,A,F,T,L,R,I,S,R,V,E,A,E,D,V,G,V,Y,Y,C,M,Q,H,L,E,-,-,-,-,Y,P,L,T,F,G,S,G,T,K,L,E,I,K
Psanger_114502	Psanger	None	L60/4R	LC	1	100	1	Sanger	AGACATTGTGCTGACCCAAACTCCACTCTCCCTGCCTGTCCGTCTTGGAGATCAAGCCTTCATCTCTTGCAGATCTACTCAGAGCATTGAACACAGTGATAGAAACACCTATTTACAATGGTACCTGCAGAAACCAGGCCAGTCTCCAAAGCTCCTGATCTACAAAGTTTCCAACCGATTTTCTGGGGTCCCAGACAGGTTCAGTGGCAGTGGATCAGGGACAGATTTCACACTCAAGATCACTAGAGTGGAGGCTGAGGATCTGGGAGTTTATTACTGCTTTCAGGGTTCACATGTTCCTCCGACGTTCGGTGGAGGCACCAAGCTGGAAATCAAAC		K	1.5e-53	171.2	0	111	imgt	1	`DIVLTQTPLSLPVRLGDQAFISCRSTQSIEHSDRNTYLQWYLQKPGQSPKLLIYKVSNRFSGVPDRFSGSGSGTDFTLKITRVEAEDLGVYYCFQGSHVPPTFGGGTKLEI`K	1,2,3,4,5,6,7,8,9,10,11,12,13,14,15,16,17,18,19,20,21,22,23,24,25,26,27,28,29,30,31,32,33,34,35,36,37,38,39,40,41,42,43,44,45,46,47,48,49,50,51,52,53,54,55,56,57,58,59,60,61,62,63,64,65,66,67,68,69,70,71,72,73,74,75,76,77,78,79,80,81,82,83,84,85,86,87,88,89,90,91,92,93,94,95,96,97,98,99,100,101,102,103,104,105,106,107,108,109,110,111,112,113,114,115,116,117,118,119,120,121,122,123,124,125,126,127	D,I,V,L,T,Q,T,P,L,S,L,P,V,R,L,G,D,Q,A,F,I,S,C,R,S,T,Q,S,I,E,H,S,-,D,R,N,T,Y,L,Q,W,Y,L,Q,K,P,G,Q,S,P,K,L,L,I,Y,K,V,-,-,-,-,-,-,-,S,N,R,F,S,G,V,P,-,D,R,F,S,G,S,G,-,-,S,G,T,D,F,T,L,K,I,T,R,V,E,A,E,D,L,G,V,Y,Y,C,F,Q,G,S,H,-,-,-,-,V,P,P,T,F,G,G,G,T,K,L,E,I,K
Psanger_114517	Psanger	None	N104/32.1R	LC	1	100	1	Sanger	AGAATTGTGATGACCCAAACTCCAGTCTCCCTGCCTGTCAGTCTTGGAAATCAAGCCTCCATCTCTTGCAGATCTAGTCAGAACATTGTACATAGTAATGGAAACACCTATTTAGAATGGTACCTGCAGAAACCAGGCCAGTCTCCAAAGCTCCTGATCTACAAAGTTTCCAACCGATTTTCTGGGGTCCCAGACAGGTTCAGTGGCAGTGGATCAGGGACAGATTTCACACTCAAGATCAGCAGAGTGGAGGCTGAGGATCTGGGAGTTTATTACTGCTTTCAGGGTTCACATGTTCCGCTCACGTTCGGTGCTGGGACCAAGCTGGAGCTGAAAC		K	3e-56	179.8	0	111	imgt	0	`RIVMTQTPVSLPVSLGNQASISCRSSQNIVHSNGNTYLEWYLQKPGQSPKLLIYKVSNRFSGVPDRFSGSGSGTDFTLKISRVEAEDLGVYYCFQGSHVPLTFGAGTKLEL`K	1,2,3,4,5,6,7,8,9,10,11,12,13,14,15,16,17,18,19,20,21,22,23,24,25,26,27,28,29,30,31,32,33,34,35,36,37,38,39,40,41,42,43,44,45,46,47,48,49,50,51,52,53,54,55,56,57,58,59,60,61,62,63,64,65,66,67,68,69,70,71,72,73,74,75,76,77,78,79,80,81,82,83,84,85,86,87,88,89,90,91,92,93,94,95,96,97,98,99,100,101,102,103,104,105,106,107,108,109,110,111,112,113,114,115,116,117,118,119,120,121,122,123,124,125,126,127	R,I,V,M,T,Q,T,P,V,S,L,P,V,S,L,G,N,Q,A,S,I,S,C,R,S,S,Q,N,I,V,H,S,-,N,G,N,T,Y,L,E,W,Y,L,Q,K,P,G,Q,S,P,K,L,L,I,Y,K,V,-,-,-,-,-,-,-,S,N,R,F,S,G,V,P,-,D,R,F,S,G,S,G,-,-,S,G,T,D,F,T,L,K,I,S,R,V,E,A,E,D,L,G,V,Y,Y,C,F,Q,G,S,H,-,-,-,-,V,P,L,T,F,G,A,G,T,K,L,E,L,K
Psanger_128635	Psanger	None	N106/43R	LC	1	100	1	Sanger	ATGGAGTTTCAGACCCAGGTACTCATGTCCCTGCTGCTCTGCATGTCTGGTGCGGCCGCAGACATTGTGATGACCCAGTCTCAAAAATTCATGTCCACATCAGTAGGAGACAGGGTCAGCGTCACCTGCAAGGCCAGTCAGAATGTGGGTACTAATGTAGGGTGGTATCAACGGGAACCAGGGCAATCTCCTAAAGCACTGATTTACTCGGCATCCTACCGGTACAGTGGAGTCCCTGATCGCTTCACAGGCAGTGGATCTGGGACAGATTTCACTCTCACCATCAGCAATGTGCAGTCTGCAGACTTGGCAGAGTATTTCTGTCAGCAATATAACACCTATCCGTACACGTTCGGAGGGGGGACCAAGCTGGAAATAAAACGGGCT		K	3.9e-51	163.4	20	126	imgt	0	MEFQTQVLMSLLLCMSGAAA`DIVMTQSQKFMSTSVGDRVSVTCKASQNVGTNVGWYQREPGQSPKALIYSASYRYSGVPDRFTGSGSGTDFTLTISNVQSADLAEYFCQQYNTYPYTFGGGTKLEI`KRA	1,2,3,4,5,6,7,8,9,10,11,12,13,14,15,16,17,18,19,20,21,22,23,24,25,26,27,28,29,30,31,32,33,34,35,36,37,38,39,40,41,42,43,44,45,46,47,48,49,50,51,52,53,54,55,56,57,58,59,60,61,62,63,64,65,66,67,68,69,70,71,72,73,74,75,76,77,78,79,80,81,82,83,84,85,86,87,88,89,90,91,92,93,94,95,96,97,98,99,100,101,102,103,104,105,106,107,108,109,110,111,112,113,114,115,116,117,118,119,120,121,122,123,124,125,126,127	D,I,V,M,T,Q,S,Q,K,F,M,S,T,S,V,G,D,R,V,S,V,T,C,K,A,S,Q,N,V,-,-,-,-,-,-,G,T,N,V,G,W,Y,Q,R,E,P,G,Q,S,P,K,A,L,I,Y,S,A,-,-,-,-,-,-,-,S,Y,R,Y,S,G,V,P,-,D,R,F,T,G,S,G,-,-,S,G,T,D,F,T,L,T,I,S,N,V,Q,S,A,D,L,A,E,Y,F,C,Q,Q,Y,N,T,-,-,-,-,Y,P,Y,T,F,G,G,G,T,K,L,E,I,K
Psanger_114496	Psanger	None	N11/33R	LC	1	100	1	Sanger	AGACATTATGATGACACAGGCTACACCCTCTGTACCTGTCACTCCTGGAGAGTCAGTATTCATCTCCTGCAGGTCTAGTAAGAGTCTCCTGCATAGTAATGGCAACACTTACTTGTATTGGTTCTTCCAGAGGCCAGGCCAGTCTCCTCAGTCCCTGATCTATCGGATGTCCAACCTTGCCTCAGGAGTCCCAGACAGGTTCAGTGGCAGTGGGTCAGGAACTGCTTTCACACTGAGAATCAGTAGAGTGGAGGCTGAGGATGTGGGTCTTTATTACTGTATGCAACATCTAGAATATCCTCTCACGTTCGGCTCGGGGACAAAGTTGGAAATAAAAC		K	1.3e-50	161.6	0	111	imgt	1	`DIMMTQATPSVPVTPGESVFISCRSSKSLLHSNGNTYLYWFFQRPGQSPQSLIYRMSNLASGVPDRFSGSGSGTAFTLRISRVEAEDVGLYYCMQHLEYPLTFGSGTKLEI`K	1,2,3,4,5,6,7,8,9,10,11,12,13,14,15,16,17,18,19,20,21,22,23,24,25,26,27,28,29,30,31,32,33,34,35,36,37,38,39,40,41,42,43,44,45,46,47,48,49,50,51,52,53,54,55,56,57,58,59,60,61,62,63,64,65,66,67,68,69,70,71,72,73,74,75,76,77,78,79,80,81,82,83,84,85,86,87,88,89,90,91,92,93,94,95,96,97,98,99,100,101,102,103,104,105,106,107,108,109,110,111,112,113,114,115,116,117,118,119,120,121,122,123,124,125,126,127	D,I,M,M,T,Q,A,T,P,S,V,P,V,T,P,G,E,S,V,F,I,S,C,R,S,S,K,S,L,L,H,S,-,N,G,N,T,Y,L,Y,W,F,F,Q,R,P,G,Q,S,P,Q,S,L,I,Y,R,M,-,-,-,-,-,-,-,S,N,L,A,S,G,V,P,-,D,R,F,S,G,S,G,-,-,S,G,T,A,F,T,L,R,I,S,R,V,E,A,E,D,V,G,L,Y,Y,C,M,Q,H,L,E,-,-,-,-,Y,P,L,T,F,G,S,G,T,K,L,E,I,K
Psanger_114518	Psanger	None	N110/29.4R	LC	1	100	1	Sanger	AGATATCCAGATGACACAGACTCCACTCACTTTGTCGCTTACCCTTGGACAACCAGCCTCCATCTCTTGCAAGTCAAGTCAGAGCCTCTTAGATAGTAATGGAAAGACATATTTGAATTGGTTGTTACAGAGGCCAGGCCAGTCTCCAAAGCGCCTAATCTATCTGGTGTCTAAACTGGACTCTGGAGTCCCTGACAGGTTCACTGGCAGTGGATCAGGGACAGATTTCACACTGAAAATCAGCAGAGTGGAGGCTGAGGATTTGGGACTTTATTATTGCTGGCAAGGTACACATTTTCCTCAGACGTTCGGTGGAGGTACCCAGCTGGAAATCAAAC		K	5.2e-52	166.3	0	111	imgt	1	`DIQMTQTPLTLSLTLGQPASISCKSSQSLLDSNGKTYLNWLLQRPGQSPKRLIYLVSKLDSGVPDRFTGSGSGTDFTLKISRVEAEDLGLYYCWQGTHFPQTFGGGTQLEI`K	1,2,3,4,5,6,7,8,9,10,11,12,13,14,15,16,17,18,19,20,21,22,23,24,25,26,27,28,29,30,31,32,33,34,35,36,37,38,39,40,41,42,43,44,45,46,47,48,49,50,51,52,53,54,55,56,57,58,59,60,61,62,63,64,65,66,67,68,69,70,71,72,73,74,75,76,77,78,79,80,81,82,83,84,85,86,87,88,89,90,91,92,93,94,95,96,97,98,99,100,101,102,103,104,105,106,107,108,109,110,111,112,113,114,115,116,117,118,119,120,121,122,123,124,125,126,127	D,I,Q,M,T,Q,T,P,L,T,L,S,L,T,L,G,Q,P,A,S,I,S,C,K,S,S,Q,S,L,L,D,S,-,N,G,K,T,Y,L,N,W,L,L,Q,R,P,G,Q,S,P,K,R,L,I,Y,L,V,-,-,-,-,-,-,-,S,K,L,D,S,G,V,P,-,D,R,F,T,G,S,G,-,-,S,G,T,D,F,T,L,K,I,S,R,V,E,A,E,D,L,G,L,Y,Y,C,W,Q,G,T,H,-,-,-,-,F,P,Q,T,F,G,G,G,T,Q,L,E,I,K
Psanger_114506	Psanger	None	N114/10.1R	LC	1	100	1	Sanger	AGATATCCAGATGACACAGACTCCACTCACTTTGTCGGTTACCATTGGACAACCAGCCTCCATCTCTTGCAAGTCAGGTCAGAGCCTCTTACATAGTGATGGAAAGACATATTTGAATTGGTTGTTACAGGGGCCAGGCCAGTCTCCAAAGCGCCTAATCTATCTGGTGTCTAAACTGGACTCTGGAGTCCCTGACAGGTTCACTGGCAGTGGATCAGGGACAGATTTCACACTGAAAATCAGCAGAGTGGAGGCTGAGGATTTGGGAGTTTATTATTGCTGGCAAGGTACACATTATCCTCTCACGTTCGGTGCTGGGACCAAGCTGGAGCTGAAAC		K	1.2e-52	168.4	0	111	imgt	1	`DIQMTQTPLTLSVTIGQPASISCKSGQSLLHSDGKTYLNWLLQGPGQSPKRLIYLVSKLDSGVPDRFTGSGSGTDFTLKISRVEAEDLGVYYCWQGTHYPLTFGAGTKLEL`K	1,2,3,4,5,6,7,8,9,10,11,12,13,14,15,16,17,18,19,20,21,22,23,24,25,26,27,28,29,30,31,32,33,34,35,36,37,38,39,40,41,42,43,44,45,46,47,48,49,50,51,52,53,54,55,56,57,58,59,60,61,62,63,64,65,66,67,68,69,70,71,72,73,74,75,76,77,78,79,80,81,82,83,84,85,86,87,88,89,90,91,92,93,94,95,96,97,98,99,100,101,102,103,104,105,106,107,108,109,110,111,112,113,114,115,116,117,118,119,120,121,122,123,124,125,126,127	D,I,Q,M,T,Q,T,P,L,T,L,S,V,T,I,G,Q,P,A,S,I,S,C,K,S,G,Q,S,L,L,H,S,-,D,G,K,T,Y,L,N,W,L,L,Q,G,P,G,Q,S,P,K,R,L,I,Y,L,V,-,-,-,-,-,-,-,S,K,L,D,S,G,V,P,-,D,R,F,T,G,S,G,-,-,S,G,T,D,F,T,L,K,I,S,R,V,E,A,E,D,L,G,V,Y,Y,C,W,Q,G,T,H,-,-,-,-,Y,P,L,T,F,G,A,G,T,K,L,E,L,K
Psanger_114487	Psanger	None	N116/14R	LC	1	100	1	Sanger	AGACATCCAGCTGACCCAAACTCCACTCTCCCTGCCTGTCAGTCTTGGAGATCAAGCCTCCATCTCTTGCAGATCTAGTCAGAGCCTTGTACACAGTAATGGAAACACCTATTTACATTGGTACCTGCAGAAGCCAGGCCAGTCTCCAAAGCTCCTGATCTACAAAGTTTCCAACCGCTTTTCTGGGGTCCCAGACAGGTTCAGTGGCAGTGGATCAGGGACAGATTTCACACTCAAGATCAGCAGAGTGGAGGCTGAGGATCTGGGAATTTATTTCTGCTCTCAAGGTACACATGTTCCTTACACGTTCGGAGGGGGGACCAAGCTGGAAATAAAAC		K	3.6e-57	182.8	0	111	imgt	1	`DIQLTQTPLSLPVSLGDQASISCRSSQSLVHSNGNTYLHWYLQKPGQSPKLLIYKVSNRFSGVPDRFSGSGSGTDFTLKISRVEAEDLGIYFCSQGTHVPYTFGGGTKLEI`K	1,2,3,4,5,6,7,8,9,10,11,12,13,14,15,16,17,18,19,20,21,22,23,24,25,26,27,28,29,30,31,32,33,34,35,36,37,38,39,40,41,42,43,44,45,46,47,48,49,50,51,52,53,54,55,56,57,58,59,60,61,62,63,64,65,66,67,68,69,70,71,72,73,74,75,76,77,78,79,80,81,82,83,84,85,86,87,88,89,90,91,92,93,94,95,96,97,98,99,100,101,102,103,104,105,106,107,108,109,110,111,112,113,114,115,116,117,118,119,120,121,122,123,124,125,126,127	D,I,Q,L,T,Q,T,P,L,S,L,P,V,S,L,G,D,Q,A,S,I,S,C,R,S,S,Q,S,L,V,H,S,-,N,G,N,T,Y,L,H,W,Y,L,Q,K,P,G,Q,S,P,K,L,L,I,Y,K,V,-,-,-,-,-,-,-,S,N,R,F,S,G,V,P,-,D,R,F,S,G,S,G,-,-,S,G,T,D,F,T,L,K,I,S,R,V,E,A,E,D,L,G,I,Y,F,C,S,Q,G,T,H,-,-,-,-,V,P,Y,T,F,G,G,G,T,K,L,E,I,K
Psanger_114514	Psanger	None	N117/9.5R	LC	1	100	1	Sanger	AGACATTGTGCTGACTCAGACTCCACTCACTTTGTCGGTTACCATTGGACAACCAGCCTCCATCTCTTGCAAGTCAAGTCAGAGCCTCTTAGATGGTTATGGAATGGCGTATTTGAATTGGTTATTACAGAGGCCAGGCCAGTCTCCAAAGCGCCTAATCTATCAGATGTCTAAACTGGACTCTGGAGTCCCTGACAGGTTCACTGGCAGGGGATCAGGGACAGATTTCACACTGAACATCAGCAGAGGGGAGGCTGAGGATTTGGGAGTTTATTATTGCTGGCAAGGTACACATTTCCCGCTCACGTTCGGGGCTGGGACCAAGCTGGAGCTGAAAC		K	2.9e-49	157.4	0	111	imgt	1	`DIVLTQTPLTLSVTIGQPASISCKSSQSLLDGYGMAYLNWLLQRPGQSPKRLIYQMSKLDSGVPDRFTGRGSGTDFTLNISRGEAEDLGVYYCWQGTHFPLTFGAGTKLEL`K	1,2,3,4,5,6,7,8,9,10,11,12,13,14,15,16,17,18,19,20,21,22,23,24,25,26,27,28,29,30,31,32,33,34,35,36,37,38,39,40,41,42,43,44,45,46,47,48,49,50,51,52,53,54,55,56,57,58,59,60,61,62,63,64,65,66,67,68,69,70,71,72,73,74,75,76,77,78,79,80,81,82,83,84,85,86,87,88,89,90,91,92,93,94,95,96,97,98,99,100,101,102,103,104,105,106,107,108,109,110,111,112,113,114,115,116,117,118,119,120,121,122,123,124,125,126,127	D,I,V,L,T,Q,T,P,L,T,L,S,V,T,I,G,Q,P,A,S,I,S,C,K,S,S,Q,S,L,L,D,G,-,Y,G,M,A,Y,L,N,W,L,L,Q,R,P,G,Q,S,P,K,R,L,I,Y,Q,M,-,-,-,-,-,-,-,S,K,L,D,S,G,V,P,-,D,R,F,T,G,R,G,-,-,S,G,T,D,F,T,L,N,I,S,R,G,E,A,E,D,L,G,V,Y,Y,C,W,Q,G,T,H,-,-,-,-,F,P,L,T,F,G,A,G,T,K,L,E,L,K
Psanger_114507	Psanger	None	N120A/9.1R	LC	1	100	1	Sanger	AGATATTGTGATAACCCAGTCTCCATCTTCCATGTATGCATCTCTAGGAGAGAGAGTCACTATCACTTGCAAGGCGAGTCAGGACATTAATAGCTATTTAAGCTGGTTCCAGCAAAAACCAGGGAAATCTCCTAAGACCCTGATATATCGGGCAAACAGATTGGTAGATGGGGCCCCATCAAGGTTCAGGGGCAGGGGATCTGGGCAAGATTATTCTCTCACCATCAGCAGCCTGGAGTATGAAGATATGGGAATTTATTATTGTCTACAGTATGATGAGTTTCCGCTCACGTTCGGGGCTGGGACCAAGCTGGAGCTGAAAC		K	1.1e-51	165.2	0	106	imgt	1	`DIVITQSPSSMYASLGERVTITCKASQDINSYLSWFQQKPGKSPKTLIYRANRLVDGAPSRFRGRGSGQDYSLTISSLEYEDMGIYYCLQYDEFPLTFGAGTKLEL`K	1,2,3,4,5,6,7,8,9,10,11,12,13,14,15,16,17,18,19,20,21,22,23,24,25,26,27,28,29,30,31,32,33,34,35,36,37,38,39,40,41,42,43,44,45,46,47,48,49,50,51,52,53,54,55,56,57,58,59,60,61,62,63,64,65,66,67,68,69,70,71,72,73,74,75,76,77,78,79,80,81,82,83,84,85,86,87,88,89,90,91,92,93,94,95,96,97,98,99,100,101,102,103,104,105,106,107,108,109,110,111,112,113,114,115,116,117,118,119,120,121,122,123,124,125,126,127	D,I,V,I,T,Q,S,P,S,S,M,Y,A,S,L,G,E,R,V,T,I,T,C,K,A,S,Q,D,I,-,-,-,-,-,-,N,S,Y,L,S,W,F,Q,Q,K,P,G,K,S,P,K,T,L,I,Y,R,A,-,-,-,-,-,-,-,N,R,L,V,D,G,A,P,-,S,R,F,R,G,R,G,-,-,S,G,Q,D,Y,S,L,T,I,S,S,L,E,Y,E,D,M,G,I,Y,Y,C,L,Q,Y,D,E,-,-,-,-,F,P,L,T,F,G,A,G,T,K,L,E,L,K
Psanger_114529	Psanger	None	N127/31.1R	LC	1	100	1	Sanger	GCGGCCGCAGACATTGTGATGACCCAGTCTCAAAAATTCATGTCCACATCAGTAGGAGACAGGGTCAGCGTCACCTGCAAGGCCAGTCAGAATGTGGGTACTTATGTAGCCTGGTATCAACAGAAACCAGGGCAATCTCCTAAAGCACTGATTTACTCGGCATCCTACCGATACAGTGGAGTCCCTGATCGCTTCACAGGCAGTGGATCTGGGACAGATTTCACTCTCACCTTCAGCAATGTGCAGTCTGAAGACTTGGCAGAGTATTTCTGTCAGCAATATAACAACTATCCTCTGACGTTCGGTGGAGGCACCAAGCTGGAAATCAAA        		K	7.2e-53	169.0	3	109	imgt	0	AAA`DIVMTQSQKFMSTSVGDRVSVTCKASQNVGTYVAWYQQKPGQSPKALIYSASYRYSGVPDRFTGSGSGTDFTLTFSNVQSEDLAEYFCQQYNNYPLTFGGGTKLEI`K	1,2,3,4,5,6,7,8,9,10,11,12,13,14,15,16,17,18,19,20,21,22,23,24,25,26,27,28,29,30,31,32,33,34,35,36,37,38,39,40,41,42,43,44,45,46,47,48,49,50,51,52,53,54,55,56,57,58,59,60,61,62,63,64,65,66,67,68,69,70,71,72,73,74,75,76,77,78,79,80,81,82,83,84,85,86,87,88,89,90,91,92,93,94,95,96,97,98,99,100,101,102,103,104,105,106,107,108,109,110,111,112,113,114,115,116,117,118,119,120,121,122,123,124,125,126,127	D,I,V,M,T,Q,S,Q,K,F,M,S,T,S,V,G,D,R,V,S,V,T,C,K,A,S,Q,N,V,-,-,-,-,-,-,G,T,Y,V,A,W,Y,Q,Q,K,P,G,Q,S,P,K,A,L,I,Y,S,A,-,-,-,-,-,-,-,S,Y,R,Y,S,G,V,P,-,D,R,F,T,G,S,G,-,-,S,G,T,D,F,T,L,T,F,S,N,V,Q,S,E,D,L,A,E,Y,F,C,Q,Q,Y,N,N,-,-,-,-,Y,P,L,T,F,G,G,G,T,K,L,E,I,K
Psanger_114519	Psanger	None	N133/21.2R	LC	1	100	1	Sanger	AGATATCAAGATGACCCAGTCTCACAAATTCATGTCCACATCAGTAGGAGACAGGGTCACCATCACCTGCAAGGCCAGTCAGGATGTGGGTACTGCTGTAGGCTGGTTTCAGCAGAAGCCAGGGCAATCTCCTAAACTACTCATTTACTGGGCATCCACCCGGCACACTGGAGTCCCTGATCGCTTCACAGGCAGTGGATCTGGGACAGATTTCACTCTCACCATTAGGAATGTGCAGTCTGATGACTTGGCAGATTATTTCTGTCAGCAATATAGCAGCTATCCTCTCACGTTCGGCTCGGGGACAAAGTTGGAAATAAAAC		K	1.1e-52	168.3	0	106	imgt	1	`DIKMTQSHKFMSTSVGDRVTITCKASQDVGTAVGWFQQKPGQSPKLLIYWASTRHTGVPDRFTGSGSGTDFTLTIRNVQSDDLADYFCQQYSSYPLTFGSGTKLEI`K	1,2,3,4,5,6,7,8,9,10,11,12,13,14,15,16,17,18,19,20,21,22,23,24,25,26,27,28,29,30,31,32,33,34,35,36,37,38,39,40,41,42,43,44,45,46,47,48,49,50,51,52,53,54,55,56,57,58,59,60,61,62,63,64,65,66,67,68,69,70,71,72,73,74,75,76,77,78,79,80,81,82,83,84,85,86,87,88,89,90,91,92,93,94,95,96,97,98,99,100,101,102,103,104,105,106,107,108,109,110,111,112,113,114,115,116,117,118,119,120,121,122,123,124,125,126,127	D,I,K,M,T,Q,S,H,K,F,M,S,T,S,V,G,D,R,V,T,I,T,C,K,A,S,Q,D,V,-,-,-,-,-,-,G,T,A,V,G,W,F,Q,Q,K,P,G,Q,S,P,K,L,L,I,Y,W,A,-,-,-,-,-,-,-,S,T,R,H,T,G,V,P,-,D,R,F,T,G,S,G,-,-,S,G,T,D,F,T,L,T,I,R,N,V,Q,S,D,D,L,A,D,Y,F,C,Q,Q,Y,S,S,-,-,-,-,Y,P,L,T,F,G,S,G,T,K,L,E,I,K
Psanger_114527	Psanger	None	N135/37.2R	LC	1	100	1	Sanger	ATGGAGTTTCAGACCCAGGTACTCATGTCCCTGCTGCTCTGCATGTCTGGTGCGGCCGCAGACATCCTGATGACCCAGTCTCCAGCAATCATGTCTGCATCTCCAGGGGAGAAGGTCACCATATCCTGCAGTGCCAACTCAAGTGTGAGTTACATGTACTGGTTCCAGCAGAAGCCAGGATCCTCCCCCAAACCCTGGATTTATCGCACATCCAACCTGGCTTCTGGAGTCCCTGTTCGTTTCAGTGGCAGTGGGTCTGGGACCTCTTACTCTCTCACAATCAGCAGCATGGAGGCTGAAGATGCTGCCACTTATTACTGCCAGCAGTATCGTAGTTACCCGCTCACGTTCGGTGCTGGGACCAAGTTGGAGCTGAGACGGGCT		K	2.5e-52	167.2	20	125	imgt	0	MEFQTQVLMSLLLCMSGAAA`DILMTQSPAIMSASPGEKVTISCSANSSVSYMYWFQQKPGSSPKPWIYRTSNLASGVPVRFSGSGSGTSYSLTISSMEAEDAATYYCQQYRSYPLTFGAGTKLEL`RRA	1,2,3,4,5,6,7,8,9,10,11,12,13,14,15,16,17,18,19,20,21,22,23,24,25,26,27,28,29,30,31,32,33,34,35,36,37,38,39,40,41,42,43,44,45,46,47,48,49,50,51,52,53,54,55,56,57,58,59,60,61,62,63,64,65,66,67,68,69,70,71,72,73,74,75,76,77,78,79,80,81,82,83,84,85,86,87,88,89,90,91,92,93,94,95,96,97,98,99,100,101,102,103,104,105,106,107,108,109,110,111,112,113,114,115,116,117,118,119,120,121,122,123,124,125,126,127	D,I,L,M,T,Q,S,P,A,I,M,S,A,S,P,G,E,K,V,T,I,S,C,S,A,N,S,S,V,-,-,-,-,-,-,-,S,Y,M,Y,W,F,Q,Q,K,P,G,S,S,P,K,P,W,I,Y,R,T,-,-,-,-,-,-,-,S,N,L,A,S,G,V,P,-,V,R,F,S,G,S,G,-,-,S,G,T,S,Y,S,L,T,I,S,S,M,E,A,E,D,A,A,T,Y,Y,C,Q,Q,Y,R,S,-,-,-,-,Y,P,L,T,F,G,A,G,T,K,L,E,L,R
Psanger_114521	Psanger	None	N147/6.1R	LC	1	100	1	Sanger	AGATATTGTGATAACCCAGTCTCCAGCAATCATGTCTGCATCTCTAGGGGAACGGGTCACCATGACCTGCACTGCCAGTTCAAGTGTAAGTTCCACTTATTTGCACTGGTACCAGCAGAAGCCAGGATCCTCCCCCAAACTCTGGATTTACAGCACATCCAACCTGGCTTCTGGAGTCCCAGTTCGCTTCAGTGGCAGTGGGTCTGGGACCTCTTTCTCTCTCACAATCAGCAGCATGGAGGCTGAAGATGCTGCCACTTATTACTGCCACCAGTATCATCGTTCCCCACCCACGTTCGGTGGAGGCACCAAGCTGGAAATCAAAC		K	2.7e-55	176.8	0	107	imgt	1	`DIVITQSPAIMSASLGERVTMTCTASSSVSSTYLHWYQQKPGSSPKLWIYSTSNLASGVPVRFSGSGSGTSFSLTISSMEAEDAATYYCHQYHRSPPTFGGGTKLEI`K	1,2,3,4,5,6,7,8,9,10,11,12,13,14,15,16,17,18,19,20,21,22,23,24,25,26,27,28,29,30,31,32,33,34,35,36,37,38,39,40,41,42,43,44,45,46,47,48,49,50,51,52,53,54,55,56,57,58,59,60,61,62,63,64,65,66,67,68,69,70,71,72,73,74,75,76,77,78,79,80,81,82,83,84,85,86,87,88,89,90,91,92,93,94,95,96,97,98,99,100,101,102,103,104,105,106,107,108,109,110,111,112,113,114,115,116,117,118,119,120,121,122,123,124,125,126,127	D,I,V,I,T,Q,S,P,A,I,M,S,A,S,L,G,E,R,V,T,M,T,C,T,A,S,S,S,V,S,-,-,-,-,-,S,T,Y,L,H,W,Y,Q,Q,K,P,G,S,S,P,K,L,W,I,Y,S,T,-,-,-,-,-,-,-,S,N,L,A,S,G,V,P,-,V,R,F,S,G,S,G,-,-,S,G,T,S,F,S,L,T,I,S,S,M,E,A,E,D,A,A,T,Y,Y,C,H,Q,Y,H,R,-,-,-,-,S,P,P,T,F,G,G,G,T,K,L,E,I,K
Psanger_114540	Psanger	None	N149/25.1R	LC	1	100	1	Sanger	AGACATCCAGATGACTCAGTCTCCATCCTCCCTGAGTGTGTCAGCAGGAGAGAAGGTCACTATGAGTTGCAAGTCCAGTCAGAGTCTGTTAAGCAGTGGAAATCAAAAGAACTACTTGGCCTGGTACCAGCAGAAACCAGGGCAGCCTCCTAAAGTGTTGATCTACGGGGCATCCAGTAGGGGATCTGGGGTCCCTGATCGCTTCACAGGCAGTGGATCTGGAACCGATTTCACTCTTACCATCAGCAGTGTGCAGGCTGAAGACCTGGCAGTTTATTACTGTCAGAATGATCATAGTTATCCGCTCACGTTCGGTGCTGGGACCAAGCTGGAGCTGAAAC		K	1.4e-57	184.2	0	112	imgt	1	`DIQMTQSPSSLSVSAGEKVTMSCKSSQSLLSSGNQKNYLAWYQQKPGQPPKVLIYGASSRGSGVPDRFTGSGSGTDFTLTISSVQAEDLAVYYCQNDHSYPLTFGAGTKLEL`K	1,2,3,4,5,6,7,8,9,10,11,12,13,14,15,16,17,18,19,20,21,22,23,24,25,26,27,28,29,30,31,32,33,34,35,36,37,38,39,40,41,42,43,44,45,46,47,48,49,50,51,52,53,54,55,56,57,58,59,60,61,62,63,64,65,66,67,68,69,70,71,72,73,74,75,76,77,78,79,80,81,82,83,84,85,86,87,88,89,90,91,92,93,94,95,96,97,98,99,100,101,102,103,104,105,106,107,108,109,110,111,112,113,114,115,116,117,118,119,120,121,122,123,124,125,126,127	D,I,Q,M,T,Q,S,P,S,S,L,S,V,S,A,G,E,K,V,T,M,S,C,K,S,S,Q,S,L,L,S,S,G,N,Q,K,N,Y,L,A,W,Y,Q,Q,K,P,G,Q,P,P,K,V,L,I,Y,G,A,-,-,-,-,-,-,-,S,S,R,G,S,G,V,P,-,D,R,F,T,G,S,G,-,-,S,G,T,D,F,T,L,T,I,S,S,V,Q,A,E,D,L,A,V,Y,Y,C,Q,N,D,H,S,-,-,-,-,Y,P,L,T,F,G,A,G,T,K,L,E,L,K
Psanger_114516	Psanger	None	N150/21.3R	LC	1	100	1	Sanger	AGACATCCTGATGACCCAAACTCCACTCTCCCTGCCTGTCAGTCTTGGAGATCAAGCCTCCATCTCTTGCAGATCTAGTCAGAGTATTGTACATAGTAATGGAAACACCTATTTAGAATGGTACCTGCAGAAACCAGGCCAGTCTCCAAAGCTCCTGATCTACAAAGTTTCCAATCGATTTTCTGGGGTCCCAGACAGGTTCAGTGGCAGTGGATCAGGGACAGATTTCACACTCAAGATCAGCAGAGTGGAGGCTGAGGATCTGGGAGTTTATTACTGCTTTCAAGGTTCACATGTTCCGTACACGTTCGGTGGGGGGACCAAGCTGGAAGTAAAAC		K	1.1e-57	184.4	0	111	imgt	1	`DILMTQTPLSLPVSLGDQASISCRSSQSIVHSNGNTYLEWYLQKPGQSPKLLIYKVSNRFSGVPDRFSGSGSGTDFTLKISRVEAEDLGVYYCFQGSHVPYTFGGGTKLEV`K	1,2,3,4,5,6,7,8,9,10,11,12,13,14,15,16,17,18,19,20,21,22,23,24,25,26,27,28,29,30,31,32,33,34,35,36,37,38,39,40,41,42,43,44,45,46,47,48,49,50,51,52,53,54,55,56,57,58,59,60,61,62,63,64,65,66,67,68,69,70,71,72,73,74,75,76,77,78,79,80,81,82,83,84,85,86,87,88,89,90,91,92,93,94,95,96,97,98,99,100,101,102,103,104,105,106,107,108,109,110,111,112,113,114,115,116,117,118,119,120,121,122,123,124,125,126,127	D,I,L,M,T,Q,T,P,L,S,L,P,V,S,L,G,D,Q,A,S,I,S,C,R,S,S,Q,S,I,V,H,S,-,N,G,N,T,Y,L,E,W,Y,L,Q,K,P,G,Q,S,P,K,L,L,I,Y,K,V,-,-,-,-,-,-,-,S,N,R,F,S,G,V,P,-,D,R,F,S,G,S,G,-,-,S,G,T,D,F,T,L,K,I,S,R,V,E,A,E,D,L,G,V,Y,Y,C,F,Q,G,S,H,-,-,-,-,V,P,Y,T,F,G,G,G,T,K,L,E,V,K
Psanger_114515	Psanger	None	N151/3.3R	LC	1	100	1	Sanger	AGAAACAACTGTGACCCAGTCTCCATCTTCCATGTATGCATCTCTAGGAGAGAGAGTCACTATCACTTGCAAGGCGAATCAGGACATTAATCGCTATTTAAGCTGGTTCCAGCAGAAACCAGGGAAATCTCCTAAGACCCTGATCTTTCGTGCAAACAGATTGGTAGATGGGGTCCCATCAAGGTTCAGTGGCAGTGGATCTGGGCAAGATTATTCTCTCACCATCAGCAGCCTGGAGTATGAAGATATGGGAATTTATTATTGTCTACAGTATGATGAGTTTCCGTACACGTTCGGAGGGGGGACCAGGCTGGAAATAAAAC		K	5.2e-51	163.0	0	106	imgt	1	`ETTVTQSPSSMYASLGERVTITCKANQDINRYLSWFQQKPGKSPKTLIFRANRLVDGVPSRFSGSGSGQDYSLTISSLEYEDMGIYYCLQYDEFPYTFGGGTRLEI`K	1,2,3,4,5,6,7,8,9,10,11,12,13,14,15,16,17,18,19,20,21,22,23,24,25,26,27,28,29,30,31,32,33,34,35,36,37,38,39,40,41,42,43,44,45,46,47,48,49,50,51,52,53,54,55,56,57,58,59,60,61,62,63,64,65,66,67,68,69,70,71,72,73,74,75,76,77,78,79,80,81,82,83,84,85,86,87,88,89,90,91,92,93,94,95,96,97,98,99,100,101,102,103,104,105,106,107,108,109,110,111,112,113,114,115,116,117,118,119,120,121,122,123,124,125,126,127	E,T,T,V,T,Q,S,P,S,S,M,Y,A,S,L,G,E,R,V,T,I,T,C,K,A,N,Q,D,I,-,-,-,-,-,-,N,R,Y,L,S,W,F,Q,Q,K,P,G,K,S,P,K,T,L,I,F,R,A,-,-,-,-,-,-,-,N,R,L,V,D,G,V,P,-,S,R,F,S,G,S,G,-,-,S,G,Q,D,Y,S,L,T,I,S,S,L,E,Y,E,D,M,G,I,Y,Y,C,L,Q,Y,D,E,-,-,-,-,F,P,Y,T,F,G,G,G,T,R,L,E,I,K
Psanger_114547	Psanger	None	N153/5.1R	LC	1	100	1	Sanger	AGACATTGTGATGACCCAGTCTCCTGCTTCCTTAGCTGTATCTCTGGGGCAGAGGGCCACCATCTCATGCAGGGCCAGCAAAAGTGTCAGTACATCTGGCTATAATTATATGCACTGGTACCAACAGAAACCAGGACAGCCACCCAAACTCCTCATCTATCTTGCATCCAACCTAGAGTCTGGGGTCCCTGCCAGGTTCAGTGGCAGTGGGTCTGGGACAGACTTCACCCTCAACATCCATCCTGTGGAGGAGGAGGATGTTGTAACCTATTACTGTCAGCACAGTAGGGAGTTTCCGCTCACGTTCGGTGCTGGGACCAGGCTGGAGCTGAAAC		K	7.7e-55	175.3	0	110	imgt	1	`DIVMTQSPASLAVSLGQRATISCRASKSVSTSGYNYMHWYQQKPGQPPKLLIYLASNLESGVPARFSGSGSGTDFTLNIHPVEEEDVVTYYCQHSREFPLTFGAGTRLEL`K	1,2,3,4,5,6,7,8,9,10,11,12,13,14,15,16,17,18,19,20,21,22,23,24,25,26,27,28,29,30,31,32,33,34,35,36,37,38,39,40,41,42,43,44,45,46,47,48,49,50,51,52,53,54,55,56,57,58,59,60,61,62,63,64,65,66,67,68,69,70,71,72,73,74,75,76,77,78,79,80,81,82,83,84,85,86,87,88,89,90,91,92,93,94,95,96,97,98,99,100,101,102,103,104,105,106,107,108,109,110,111,112,113,114,115,116,117,118,119,120,121,122,123,124,125,126,127	D,I,V,M,T,Q,S,P,A,S,L,A,V,S,L,G,Q,R,A,T,I,S,C,R,A,S,K,S,V,S,T,-,-,S,G,Y,N,Y,M,H,W,Y,Q,Q,K,P,G,Q,P,P,K,L,L,I,Y,L,A,-,-,-,-,-,-,-,S,N,L,E,S,G,V,P,-,A,R,F,S,G,S,G,-,-,S,G,T,D,F,T,L,N,I,H,P,V,E,E,E,D,V,V,T,Y,Y,C,Q,H,S,R,E,-,-,-,-,F,P,L,T,F,G,A,G,T,R,L,E,L,K
Psanger_114542	Psanger	None	N164/6.1R	LC	1	100	1	Sanger	AGACATTGTGATGACTCAGACTCCGCTCTCCCTGCCTGTCAGTCTTGGAGATCAAGCCTCCATCTCTTGCAAATCTAGTCAGATCCTTGTACACAGTAATGGAAACACCTATTTACATTGGTACCTGCAGAAGCCAGGCCAGTCTCCAAAGCTCCTGATCTACAAAGTTTCCAACCGATTTTCTGGGGTCCCAGACAGGTTCAGTGGCAGTGGATCAGGGACAGATTTCACACTCAAGATCAGCAGCGTGGAGGCTGAGGATCTGGGAGTTTATTTCTGCTCTCAAACTACACATGTTCCGTGGACGTTCGGTGGAGGCACCAAGCTGGAAATCAAAC		K	8e-58	185.0	0	111	imgt	1	`DIVMTQTPLSLPVSLGDQASISCKSSQILVHSNGNTYLHWYLQKPGQSPKLLIYKVSNRFSGVPDRFSGSGSGTDFTLKISSVEAEDLGVYFCSQTTHVPWTFGGGTKLEI`K	1,2,3,4,5,6,7,8,9,10,11,12,13,14,15,16,17,18,19,20,21,22,23,24,25,26,27,28,29,30,31,32,33,34,35,36,37,38,39,40,41,42,43,44,45,46,47,48,49,50,51,52,53,54,55,56,57,58,59,60,61,62,63,64,65,66,67,68,69,70,71,72,73,74,75,76,77,78,79,80,81,82,83,84,85,86,87,88,89,90,91,92,93,94,95,96,97,98,99,100,101,102,103,104,105,106,107,108,109,110,111,112,113,114,115,116,117,118,119,120,121,122,123,124,125,126,127	D,I,V,M,T,Q,T,P,L,S,L,P,V,S,L,G,D,Q,A,S,I,S,C,K,S,S,Q,I,L,V,H,S,-,N,G,N,T,Y,L,H,W,Y,L,Q,K,P,G,Q,S,P,K,L,L,I,Y,K,V,-,-,-,-,-,-,-,S,N,R,F,S,G,V,P,-,D,R,F,S,G,S,G,-,-,S,G,T,D,F,T,L,K,I,S,S,V,E,A,E,D,L,G,V,Y,F,C,S,Q,T,T,H,-,-,-,-,V,P,W,T,F,G,G,G,T,K,L,E,I,K
Psanger_114505	Psanger	None	N168/6.3R	LC	1	100	1	Sanger	AGACATTGTGCTGACCCAAACTCCACTCTCCCTGCCTGTCAGTCTCGGAGATCAAGCCTCCATCTCTTGCAGATCTAGTCAGAGCCTTGTACACAGTAATGGAAACACCTATTTACATTGGTACCTGCAGAAGCCAGGCCAGTCTCTAAAGCTCCTGATCTACAAAGTTTCCAACCGATTTTCTGGGGTCCCAGACAGGTTCAGTGGCAGTGGATCAGGGACAGATTTCACACTCAAGATCAGCAGAGTGGAGGCTGAGGATCTGGGAGTTTACTTCTGCTCTCAAGGTACACATGTTCCGCTCACGTTCGGCGCTGGGACCAAGCTGGAGCTGAA		K	1.9e-54	174.0	0	110	imgt	1	`DIVLTQTPLSLPVSLGDQASISCRSSQSLVHSNGNTYLHWYLQKPGQSLKLLIYKVSNRFSGVPDRFSGSGSGTDFTLKISRVEAEDLGVYFCSQGTHVPLTFGAGTKLE`L	1,2,3,4,5,6,7,8,9,10,11,12,13,14,15,16,17,18,19,20,21,22,23,24,25,26,27,28,29,30,31,32,33,34,35,36,37,38,39,40,41,42,43,44,45,46,47,48,49,50,51,52,53,54,55,56,57,58,59,60,61,62,63,64,65,66,67,68,69,70,71,72,73,74,75,76,77,78,79,80,81,82,83,84,85,86,87,88,89,90,91,92,93,94,95,96,97,98,99,100,101,102,103,104,105,106,107,108,109,110,111,112,113,114,115,116,117,118,119,120,121,122,123,124,125,126	D,I,V,L,T,Q,T,P,L,S,L,P,V,S,L,G,D,Q,A,S,I,S,C,R,S,S,Q,S,L,V,H,S,-,N,G,N,T,Y,L,H,W,Y,L,Q,K,P,G,Q,S,L,K,L,L,I,Y,K,V,-,-,-,-,-,-,-,S,N,R,F,S,G,V,P,-,D,R,F,S,G,S,G,-,-,S,G,T,D,F,T,L,K,I,S,R,V,E,A,E,D,L,G,V,Y,F,C,S,Q,G,T,H,-,-,-,-,V,P,L,T,F,G,A,G,T,K,L,E,L
Psanger_114511	Psanger	None	N16B/8R	LC	1	100	1	Sanger	AGACATCCAGCTGACCCAGTCTCCTGCTTCCTTAGCTGTATCTCTGGGGCAGAGGGCCACCATCTCATACAGGGCCAGCAAAAGTGTCAGTACATCTGGCTATAGTTATATGCACTGGAACCAACAGAAACCAGGACAGCCACCCAGACTCCTCATCTATCTTGTATCCAACCTAGAATCTGGGGTCCCTGCCAGGTTCAGTGGCAGTGGGTCTGGGACAGACTTCACCCTCAACATCCATCCTGTGGAGGAGGAGGATGCTGCAACCTATTACTGTCAGCACAGTAGGGAGCTTCCATTCACGTTCGGCTCGGGGACAAAGTTGGAAATAAAA		K	2.6e-52	167.1	0	110	imgt	1	`DIQLTQSPASLAVSLGQRATISYRASKSVSTSGYSYMHWNQQKPGQPPRLLIYLVSNLESGVPARFSGSGSGTDFTLNIHPVEEEDAATYYCQHSRELPFTFGSGTKLEI`K	1,2,3,4,5,6,7,8,9,10,11,12,13,14,15,16,17,18,19,20,21,22,23,24,25,26,27,28,29,30,31,32,33,34,35,36,37,38,39,40,41,42,43,44,45,46,47,48,49,50,51,52,53,54,55,56,57,58,59,60,61,62,63,64,65,66,67,68,69,70,71,72,73,74,75,76,77,78,79,80,81,82,83,84,85,86,87,88,89,90,91,92,93,94,95,96,97,98,99,100,101,102,103,104,105,106,107,108,109,110,111,112,113,114,115,116,117,118,119,120,121,122,123,124,125,126,127	D,I,Q,L,T,Q,S,P,A,S,L,A,V,S,L,G,Q,R,A,T,I,S,Y,R,A,S,K,S,V,S,T,-,-,S,G,Y,S,Y,M,H,W,N,Q,Q,K,P,G,Q,P,P,R,L,L,I,Y,L,V,-,-,-,-,-,-,-,S,N,L,E,S,G,V,P,-,A,R,F,S,G,S,G,-,-,S,G,T,D,F,T,L,N,I,H,P,V,E,E,E,D,A,A,T,Y,Y,C,Q,H,S,R,E,-,-,-,-,L,P,F,T,F,G,S,G,T,K,L,E,I,K
Psanger_114530	Psanger	None	N170A/1.1R	LC	1	100	1	Sanger	ATGGAGTTTCAGACCCAGGTACTCATGTCCCTGCTGCTCTGCATGTCTGGTGCGGCCGCAGACATTGTGATGACCCAAACTCCTCTCTCCCTGCCTGTCAGTCTTGGAGATCAAGCCTCCATCTCTTGCAGATCTGGTCAGAGCATTGTACATACTAATGGAAACACCTATTTAGAATGGTACCTGCAGAAACCAGGCCAGTCTCCAAAGCTCCTGATCTACAAAGTTTCCAACCGATTTTCTGGGGTCCCAGACAGGTTCAGTGGCAGTGGATCAGGGACAGATTTCACACTCAAGATCAGCAGAGTGGAGGCTGAGGATCTGGGAGTTTATTACTGCTTTCAAGGTTCACATATTCCGTACACGTTCGGAGGGGGGACCAAACTGGAAATAAAACGGGCT		K	4.4e-57	182.5	20	131	imgt	0	MEFQTQVLMSLLLCMSGAAA`DIVMTQTPLSLPVSLGDQASISCRSGQSIVHTNGNTYLEWYLQKPGQSPKLLIYKVSNRFSGVPDRFSGSGSGTDFTLKISRVEAEDLGVYYCFQGSHIPYTFGGGTKLEI`KRA	1,2,3,4,5,6,7,8,9,10,11,12,13,14,15,16,17,18,19,20,21,22,23,24,25,26,27,28,29,30,31,32,33,34,35,36,37,38,39,40,41,42,43,44,45,46,47,48,49,50,51,52,53,54,55,56,57,58,59,60,61,62,63,64,65,66,67,68,69,70,71,72,73,74,75,76,77,78,79,80,81,82,83,84,85,86,87,88,89,90,91,92,93,94,95,96,97,98,99,100,101,102,103,104,105,106,107,108,109,110,111,112,113,114,115,116,117,118,119,120,121,122,123,124,125,126,127	D,I,V,M,T,Q,T,P,L,S,L,P,V,S,L,G,D,Q,A,S,I,S,C,R,S,G,Q,S,I,V,H,T,-,N,G,N,T,Y,L,E,W,Y,L,Q,K,P,G,Q,S,P,K,L,L,I,Y,K,V,-,-,-,-,-,-,-,S,N,R,F,S,G,V,P,-,D,R,F,S,G,S,G,-,-,S,G,T,D,F,T,L,K,I,S,R,V,E,A,E,D,L,G,V,Y,Y,C,F,Q,G,S,H,-,-,-,-,I,P,Y,T,F,G,G,G,T,K,L,E,I,K
Psanger_114551	Psanger	None	N171/17.4R	LC	1	100	1	Sanger	GCGGCCGCAGACATCCTGCTGACCCAATCTCCAGCTTCTTTGGCTGTGTCTCTAGGGCAGAGGGCCACCATATCCTGCAGAGCCAGTGAAAGTGTTGATAGTTATGGCAATAGTTTTATGCACTGGTTCCAGCAGAAACCAGGACAGCCACCCAAACTCCTCATCTATCTTGCATCCAACCTAGAATCTGGGGTCCCTGCCAGGTTCAGTGGCAGTGGGTCTAGGACAGACTTCACCCTCACCATTGATCCTGTGGAGGCTGATGATGCTGCAACCTATTACTGTCAGCAAAATTATGAGGATCCTTGGACGTTCGGTGGAGGCACCAAGCTGGAAATCAAACGGGCTGATGCTGCACCAACTGTA		K	2.9e-55	176.7	3	113	imgt	0	AAA`DILLTQSPASLAVSLGQRATISCRASESVDSYGNSFMHWFQQKPGQPPKLLIYLASNLESGVPARFSGSGSRTDFTLTIDPVEADDAATYYCQQNYEDPWTFGGGTKLEI`KRADAAPTV	1,2,3,4,5,6,7,8,9,10,11,12,13,14,15,16,17,18,19,20,21,22,23,24,25,26,27,28,29,30,31,32,33,34,35,36,37,38,39,40,41,42,43,44,45,46,47,48,49,50,51,52,53,54,55,56,57,58,59,60,61,62,63,64,65,66,67,68,69,70,71,72,73,74,75,76,77,78,79,80,81,82,83,84,85,86,87,88,89,90,91,92,93,94,95,96,97,98,99,100,101,102,103,104,105,106,107,108,109,110,111,112,113,114,115,116,117,118,119,120,121,122,123,124,125,126,127	D,I,L,L,T,Q,S,P,A,S,L,A,V,S,L,G,Q,R,A,T,I,S,C,R,A,S,E,S,V,D,S,-,-,Y,G,N,S,F,M,H,W,F,Q,Q,K,P,G,Q,P,P,K,L,L,I,Y,L,A,-,-,-,-,-,-,-,S,N,L,E,S,G,V,P,-,A,R,F,S,G,S,G,-,-,S,R,T,D,F,T,L,T,I,D,P,V,E,A,D,D,A,A,T,Y,Y,C,Q,Q,N,Y,E,-,-,-,-,D,P,W,T,F,G,G,G,T,K,L,E,I,K
Psanger_114560	Psanger	None	N176A/35.1R	LC	1	100	1	Sanger	AGACATCCTGCTGACCCAATCTTCATCCTACTTGTCTGTATCTCTAGGAGGCAGAGTCACCATTACTTGCAAGGCAAGTGACCACATTAATAATTGGTTAGCCTGGTATCAGCAGAAACCAGGAAATACTCCTAGGCTCTTAATATCTGGTGCAACCAATTTGGAAACTGGAATTCCTTCAAGAATCAGTGGCAGTGGATCTGGAAAGGATTATACTCTCACCATTACCGGTCTTCACACTGAAGATGTTGCTACTTATTACTGTCAACAGTATTGGAGGACTCCGTGGACGTTCGGTGGCGGCACCAAGCTGGAAATCCAAC		K	7.2e-49	156.0	0	106	imgt	1	`DILLTQSSSYLSVSLGGRVTITCKASDHINNWLAWYQQKPGNTPRLLISGATNLETGIPSRISGSGSGKDYTLTITGLHTEDVATYYCQQYWRTPWTFGGGTKLEI`Q	1,2,3,4,5,6,7,8,9,10,11,12,13,14,15,16,17,18,19,20,21,22,23,24,25,26,27,28,29,30,31,32,33,34,35,36,37,38,39,40,41,42,43,44,45,46,47,48,49,50,51,52,53,54,55,56,57,58,59,60,61,62,63,64,65,66,67,68,69,70,71,72,73,74,75,76,77,78,79,80,81,82,83,84,85,86,87,88,89,90,91,92,93,94,95,96,97,98,99,100,101,102,103,104,105,106,107,108,109,110,111,112,113,114,115,116,117,118,119,120,121,122,123,124,125,126,127	D,I,L,L,T,Q,S,S,S,Y,L,S,V,S,L,G,G,R,V,T,I,T,C,K,A,S,D,H,I,-,-,-,-,-,-,N,N,W,L,A,W,Y,Q,Q,K,P,G,N,T,P,R,L,L,I,S,G,A,-,-,-,-,-,-,-,T,N,L,E,T,G,I,P,-,S,R,I,S,G,S,G,-,-,S,G,K,D,Y,T,L,T,I,T,G,L,H,T,E,D,V,A,T,Y,Y,C,Q,Q,Y,W,R,-,-,-,-,T,P,W,T,F,G,G,G,T,K,L,E,I,Q
Psanger_114520	Psanger	None	N178A/9.1R	LC	1	100	1	Sanger	AGACATTATGATGTCACAGTCTCCATCCTCCCTGGCTATGTCAGTTGGACAGAGCGTCACTATGAACTGCAAGTCCAGTCAGAGCCTTTTAAATACTAACAATCAGAAGAACCATTTGGCCTGGTATCAGCAGAAACCGGGACAGTCTCCTAGACTTCTGCTATTCTTTGCATCCACTAGGGAATCTAGGGTCCCTGATCGCTTCATAGGCAGTGGATCTGGGACAGATTTCACTCTTACCATCAGCGGTGTGCGGGCTGAAGACCTGGCAGATTACTTCTGTCAGCAACATTATAGCGCTCCGTACACGTTCGGAGGGGGGACCAAGCTGGAAATAAGAC		K	2.8e-52	167.1	0	112	imgt	1	`DIMMSQSPSSLAMSVGQSVTMNCKSSQSLLNTNNQKNHLAWYQQKPGQSPRLLLFFASTRESRVPDRFIGSGSGTDFTLTISGVRAEDLADYFCQQHYSAPYTFGGGTKLEI`R	1,2,3,4,5,6,7,8,9,10,11,12,13,14,15,16,17,18,19,20,21,22,23,24,25,26,27,28,29,30,31,32,33,34,35,36,37,38,39,40,41,42,43,44,45,46,47,48,49,50,51,52,53,54,55,56,57,58,59,60,61,62,63,64,65,66,67,68,69,70,71,72,73,74,75,76,77,78,79,80,81,82,83,84,85,86,87,88,89,90,91,92,93,94,95,96,97,98,99,100,101,102,103,104,105,106,107,108,109,110,111,112,113,114,115,116,117,118,119,120,121,122,123,124,125,126,127	D,I,M,M,S,Q,S,P,S,S,L,A,M,S,V,G,Q,S,V,T,M,N,C,K,S,S,Q,S,L,L,N,T,N,N,Q,K,N,H,L,A,W,Y,Q,Q,K,P,G,Q,S,P,R,L,L,L,F,F,A,-,-,-,-,-,-,-,S,T,R,E,S,R,V,P,-,D,R,F,I,G,S,G,-,-,S,G,T,D,F,T,L,T,I,S,G,V,R,A,E,D,L,A,D,Y,F,C,Q,Q,H,Y,S,-,-,-,-,A,P,Y,T,F,G,G,G,T,K,L,E,I,R
Psanger_114561	Psanger	None	N182/17.1R	LC	1	100	1	Sanger	AGACATCGTAATGACCCAAACTCCACTCTCCCTGCCTGTCAGTCTTGGAGATCAAGCCTCCATCTCTTGCAGATCGAGTCAGACCATTGTACATAGTATTGGAATCACCTTTTTAGAATGGTACCTGCAGAAACCAGGCCAGTCTCCAAAGCTCCTGATCTACAGAGTTTCCAACCGATTTTCTGGGGTCCCAGACAGGTTCAGTGGCAGTGGATCAGGGACAGATTTCACACTCAAGATCAGCAGAGTGGAGGCTGAGGATCTGGGAGTTTATTACTGCTTTCAAGGTTCACATGTTCCATTCACGTTCGGCTCGGGGACAAAGTTGGAAATAAAAC		K	3.2e-56	179.8	0	111	imgt	1	`DIVMTQTPLSLPVSLGDQASISCRSSQTIVHSIGITFLEWYLQKPGQSPKLLIYRVSNRFSGVPDRFSGSGSGTDFTLKISRVEAEDLGVYYCFQGSHVPFTFGSGTKLEI`K	1,2,3,4,5,6,7,8,9,10,11,12,13,14,15,16,17,18,19,20,21,22,23,24,25,26,27,28,29,30,31,32,33,34,35,36,37,38,39,40,41,42,43,44,45,46,47,48,49,50,51,52,53,54,55,56,57,58,59,60,61,62,63,64,65,66,67,68,69,70,71,72,73,74,75,76,77,78,79,80,81,82,83,84,85,86,87,88,89,90,91,92,93,94,95,96,97,98,99,100,101,102,103,104,105,106,107,108,109,110,111,112,113,114,115,116,117,118,119,120,121,122,123,124,125,126,127	D,I,V,M,T,Q,T,P,L,S,L,P,V,S,L,G,D,Q,A,S,I,S,C,R,S,S,Q,T,I,V,H,S,-,I,G,I,T,F,L,E,W,Y,L,Q,K,P,G,Q,S,P,K,L,L,I,Y,R,V,-,-,-,-,-,-,-,S,N,R,F,S,G,V,P,-,D,R,F,S,G,S,G,-,-,S,G,T,D,F,T,L,K,I,S,R,V,E,A,E,D,L,G,V,Y,Y,C,F,Q,G,S,H,-,-,-,-,V,P,F,T,F,G,S,G,T,K,L,E,I,K
Psanger_114481	Psanger	None	N195A/16R	LC	1	100	1	Sanger	AGAAACAACTGTGACCCAATCTCCAGCTTCTTTGGCTGTGTCTCTCGGGCAGAGGGCCACCATCTCCTGCAAGGCCAGCCAAAGTGTTGATTATGATGGTGATAGTTTTATAAACTGGTACCAACAGAAGCCAGGACAGCCACCCAAACTCCTCATCTATGCTGCATCCGATCTAGTATCTGGTATCCCAGCCAGGTTTAGTGGCAGTGGGTCTGGGACAGACTTCACATTCAATATCCATCCTGTGGAGGAGGAGGATGCTGCCACCTATTACTGTCATCAGAGTAATGAGGATCCGTGGACATTCGGAGGAGGCACCAAGCTGGAAATCAAAC		K	8.7e-54	171.9	0	110	imgt	1	`ETTVTQSPASLAVSLGQRATISCKASQSVDYDGDSFINWYQQKPGQPPKLLIYAASDLVSGIPARFSGSGSGTDFTFNIHPVEEEDAATYYCHQSNEDPWTFGGGTKLEI`K	1,2,3,4,5,6,7,8,9,10,11,12,13,14,15,16,17,18,19,20,21,22,23,24,25,26,27,28,29,30,31,32,33,34,35,36,37,38,39,40,41,42,43,44,45,46,47,48,49,50,51,52,53,54,55,56,57,58,59,60,61,62,63,64,65,66,67,68,69,70,71,72,73,74,75,76,77,78,79,80,81,82,83,84,85,86,87,88,89,90,91,92,93,94,95,96,97,98,99,100,101,102,103,104,105,106,107,108,109,110,111,112,113,114,115,116,117,118,119,120,121,122,123,124,125,126,127	E,T,T,V,T,Q,S,P,A,S,L,A,V,S,L,G,Q,R,A,T,I,S,C,K,A,S,Q,S,V,D,Y,-,-,D,G,D,S,F,I,N,W,Y,Q,Q,K,P,G,Q,P,P,K,L,L,I,Y,A,A,-,-,-,-,-,-,-,S,D,L,V,S,G,I,P,-,A,R,F,S,G,S,G,-,-,S,G,T,D,F,T,F,N,I,H,P,V,E,E,E,D,A,A,T,Y,Y,C,H,Q,S,N,E,-,-,-,-,D,P,W,T,F,G,G,G,T,K,L,E,I,K
Psanger_114475	Psanger	None	N196/16R	LC	1	100	1	Sanger	AGACATTGTGCTAACTCAGTCTCCAGCAATCATGTCTACATCTCCAGGGGAGAGGGTCACCATGACCTGCAGTGCCAGCTCAAGTGTAAGTTACATGTTCTGGTACCAGCAGAAGCCAGGCTCCTCCCCCAGACTCCTGATTTATGCCACATCCAACCTGGCTTCTGGAGTCCCTCTTCGCTTCACTGGCAGTGGGTCTGGGACCTCTTACTCTCTCACAATCAGCCGAATGGAGGCTGAAGATGCTGCCACTTATTACTGCCAGCAGTGGACTAATTACCCGTACACGTTCGGAGGGGGGACCAAGCTGGAAATAAAAC		K	2.5e-54	173.7	0	105	imgt	1	`DIVLTQSPAIMSTSPGERVTMTCSASSSVSYMFWYQQKPGSSPRLLIYATSNLASGVPLRFTGSGSGTSYSLTISRMEAEDAATYYCQQWTNYPYTFGGGTKLEI`K	1,2,3,4,5,6,7,8,9,10,11,12,13,14,15,16,17,18,19,20,21,22,23,24,25,26,27,28,29,30,31,32,33,34,35,36,37,38,39,40,41,42,43,44,45,46,47,48,49,50,51,52,53,54,55,56,57,58,59,60,61,62,63,64,65,66,67,68,69,70,71,72,73,74,75,76,77,78,79,80,81,82,83,84,85,86,87,88,89,90,91,92,93,94,95,96,97,98,99,100,101,102,103,104,105,106,107,108,109,110,111,112,113,114,115,116,117,118,119,120,121,122,123,124,125,126,127	D,I,V,L,T,Q,S,P,A,I,M,S,T,S,P,G,E,R,V,T,M,T,C,S,A,S,S,S,V,-,-,-,-,-,-,-,S,Y,M,F,W,Y,Q,Q,K,P,G,S,S,P,R,L,L,I,Y,A,T,-,-,-,-,-,-,-,S,N,L,A,S,G,V,P,-,L,R,F,T,G,S,G,-,-,S,G,T,S,Y,S,L,T,I,S,R,M,E,A,E,D,A,A,T,Y,Y,C,Q,Q,W,T,N,-,-,-,-,Y,P,Y,T,F,G,G,G,T,K,L,E,I,K
Psanger_114541	Psanger	None	N2/16R	LC	1	100	1	Sanger	AGATATTGTGATAACCCAAACTCCACTCTCCCTGCCTGTCAGTCTTGGAGATCAAGCCTCCATCTCTTGCAGATCTAGTCAGAGCCTTGTACATAGTAATGGAAACACCTATTTATATTGGTACCTGCAGAAGTCAGGCCAGTCTCCAAAGCTCCTGATCTACAAAGTTTCCAACCGATTTTCTGGGGTCCCAGACAGGTTCAGTGGCAGTGGATCAGGGACAGATTTCACACTCAAGATCAGCAGAGTGGAGGCTGAGGATCTGGGAGTTTATTTCTGCTCTCAAACTACACATGTTCCGCTCACGTTCGGTGCTGGGACCAAGCTGGAGCTGAAAC		K	2.1e-55	177.1	0	111	imgt	1	`DIVITQTPLSLPVSLGDQASISCRSSQSLVHSNGNTYLYWYLQKSGQSPKLLIYKVSNRFSGVPDRFSGSGSGTDFTLKISRVEAEDLGVYFCSQTTHVPLTFGAGTKLEL`K	1,2,3,4,5,6,7,8,9,10,11,12,13,14,15,16,17,18,19,20,21,22,23,24,25,26,27,28,29,30,31,32,33,34,35,36,37,38,39,40,41,42,43,44,45,46,47,48,49,50,51,52,53,54,55,56,57,58,59,60,61,62,63,64,65,66,67,68,69,70,71,72,73,74,75,76,77,78,79,80,81,82,83,84,85,86,87,88,89,90,91,92,93,94,95,96,97,98,99,100,101,102,103,104,105,106,107,108,109,110,111,112,113,114,115,116,117,118,119,120,121,122,123,124,125,126,127	D,I,V,I,T,Q,T,P,L,S,L,P,V,S,L,G,D,Q,A,S,I,S,C,R,S,S,Q,S,L,V,H,S,-,N,G,N,T,Y,L,Y,W,Y,L,Q,K,S,G,Q,S,P,K,L,L,I,Y,K,V,-,-,-,-,-,-,-,S,N,R,F,S,G,V,P,-,D,R,F,S,G,S,G,-,-,S,G,T,D,F,T,L,K,I,S,R,V,E,A,E,D,L,G,V,Y,F,C,S,Q,T,T,H,-,-,-,-,V,P,L,T,F,G,A,G,T,K,L,E,L,K
Psanger_128636	Psanger	None	N205B/22R	LC	1	100	1	Sanger	ATGGAGTTTCAGACCCAGGTACTCATGTCCCTGCTGCTCTGCATGTCTGGTGCGGCCGCAGACATTGTGATGACACAGTCGCCATCATCTCTGGCTGTGTCTGCAGGAGAAAAGGTCACTTTGAACTGTAAGTCCAGTCAAAGTGTTTTATATAGTACAAATCAGAAGAACTACTTGGCCTGGTATCAGCAGAAACCAGGGCAGTCTCCTAAATTGCTGATCTACTGGGCATCCACTAGGGCATCTGGTGTCCCTTATCGCTTCACAGGCAGTGGATCTGGGACAGATTTTACTCTGACCATCAGCAGTGTGCAAGCTGAAGACCTGGCAGTTTACTACTGTCATCAATTCCTCTCGTCGTATACGTTCGGAGGGGGGACCAAGCTGGAAATGAAGCGGGCT		K	2.4e-58	186.7	20	131	imgt	0	MEFQTQVLMSLLLCMSGAAA`DIVMTQSPSSLAVSAGEKVTLNCKSSQSVLYSTNQKNYLAWYQQKPGQSPKLLIYWASTRASGVPYRFTGSGSGTDFTLTISSVQAEDLAVYYCHQFLSSYTFGGGTKLEM`KRA	1,2,3,4,5,6,7,8,9,10,11,12,13,14,15,16,17,18,19,20,21,22,23,24,25,26,27,28,29,30,31,32,33,34,35,36,37,38,39,40,41,42,43,44,45,46,47,48,49,50,51,52,53,54,55,56,57,58,59,60,61,62,63,64,65,66,67,68,69,70,71,72,73,74,75,76,77,78,79,80,81,82,83,84,85,86,87,88,89,90,91,92,93,94,95,96,97,98,99,100,101,102,103,104,105,106,107,108,109,110,111,112,113,114,115,116,117,118,119,120,121,122,123,124,125,126,127	D,I,V,M,T,Q,S,P,S,S,L,A,V,S,A,G,E,K,V,T,L,N,C,K,S,S,Q,S,V,L,Y,S,T,N,Q,K,N,Y,L,A,W,Y,Q,Q,K,P,G,Q,S,P,K,L,L,I,Y,W,A,-,-,-,-,-,-,-,S,T,R,A,S,G,V,P,-,Y,R,F,T,G,S,G,-,-,S,G,T,D,F,T,L,T,I,S,S,V,Q,A,E,D,L,A,V,Y,Y,C,H,Q,F,L,-,-,-,-,-,S,S,Y,T,F,G,G,G,T,K,L,E,M,K
Psanger_114536	Psanger	None	N206B/9R	LC	1	100	1	Sanger	ATGGAGTTTCAGACCCAGGTACTCATGTCCCTGCTGCTCTGCATGTCTGGTGCGGCCGCAGACATCTTGCTGACCCAAACTCCACTCTCCCTGCCTGTCAGTCTTGGAGATCAAGCCTCCATCTCTTGCAGATCTAGTCAGAGCATTGTACATAGTAATGGAAACACCTATTTAGAATGGTACCTGCAGAAACCAGGCCAGTCTCCAAAGCTCCTGATCTACAAAGTTTCCAACCGATTTTCTGGGGTCCCAGACAGGTTCAGTGGCAGTGGATCAGGGACAGATTTCACACTCAAGATCAACAGAGTGGAGGCTGAGGATCTGGGAGTTTATTACTGCTTTCAAGGTTCACATTTTCCTCGGACGTTCGGTGGAGGCACCAAGCTGGAAATCAAACGGGCT		K	3.4e-56	179.6	20	131	imgt	0	MEFQTQVLMSLLLCMSGAAA`DILLTQTPLSLPVSLGDQASISCRSSQSIVHSNGNTYLEWYLQKPGQSPKLLIYKVSNRFSGVPDRFSGSGSGTDFTLKINRVEAEDLGVYYCFQGSHFPRTFGGGTKLEI`KRA	1,2,3,4,5,6,7,8,9,10,11,12,13,14,15,16,17,18,19,20,21,22,23,24,25,26,27,28,29,30,31,32,33,34,35,36,37,38,39,40,41,42,43,44,45,46,47,48,49,50,51,52,53,54,55,56,57,58,59,60,61,62,63,64,65,66,67,68,69,70,71,72,73,74,75,76,77,78,79,80,81,82,83,84,85,86,87,88,89,90,91,92,93,94,95,96,97,98,99,100,101,102,103,104,105,106,107,108,109,110,111,112,113,114,115,116,117,118,119,120,121,122,123,124,125,126,127	D,I,L,L,T,Q,T,P,L,S,L,P,V,S,L,G,D,Q,A,S,I,S,C,R,S,S,Q,S,I,V,H,S,-,N,G,N,T,Y,L,E,W,Y,L,Q,K,P,G,Q,S,P,K,L,L,I,Y,K,V,-,-,-,-,-,-,-,S,N,R,F,S,G,V,P,-,D,R,F,S,G,S,G,-,-,S,G,T,D,F,T,L,K,I,N,R,V,E,A,E,D,L,G,V,Y,Y,C,F,Q,G,S,H,-,-,-,-,F,P,R,T,F,G,G,G,T,K,L,E,I,K
Psanger_114557	Psanger	None	N212/17R	LC	1	100	1	Sanger	AGACATCTTGCTGACCCAAACTCCACTCTCCCTGCCTGTCAGTCTTGGAGATCAAGCCTCCATCTCTTGCAGATCTAGTCAGAACATTGTATATACTAATGGAAACACCTATTTAGAATGGTTCCTGCAGAAACCAGGCCAGTCTCCAAAGCTCCTGATCTACAAAGTTTCCAAGCGATTTTCTGGGGTCCCAGACAGGTTCAGTGGCAGTGGATCAGGGACAGACTTCACACTCAAGATCAGCAGAGTGGAGGCTGAGGATCTGGGAATTTATTACTGCTTTCAAGGTTCACATGTTCCTCCGACGTTCGGTGGAGGCACCAAGCTGGAAATCAAAC		K	7.7e-55	175.2	0	111	imgt	1	`DILLTQTPLSLPVSLGDQASISCRSSQNIVYTNGNTYLEWFLQKPGQSPKLLIYKVSKRFSGVPDRFSGSGSGTDFTLKISRVEAEDLGIYYCFQGSHVPPTFGGGTKLEI`K	1,2,3,4,5,6,7,8,9,10,11,12,13,14,15,16,17,18,19,20,21,22,23,24,25,26,27,28,29,30,31,32,33,34,35,36,37,38,39,40,41,42,43,44,45,46,47,48,49,50,51,52,53,54,55,56,57,58,59,60,61,62,63,64,65,66,67,68,69,70,71,72,73,74,75,76,77,78,79,80,81,82,83,84,85,86,87,88,89,90,91,92,93,94,95,96,97,98,99,100,101,102,103,104,105,106,107,108,109,110,111,112,113,114,115,116,117,118,119,120,121,122,123,124,125,126,127	D,I,L,L,T,Q,T,P,L,S,L,P,V,S,L,G,D,Q,A,S,I,S,C,R,S,S,Q,N,I,V,Y,T,-,N,G,N,T,Y,L,E,W,F,L,Q,K,P,G,Q,S,P,K,L,L,I,Y,K,V,-,-,-,-,-,-,-,S,K,R,F,S,G,V,P,-,D,R,F,S,G,S,G,-,-,S,G,T,D,F,T,L,K,I,S,R,V,E,A,E,D,L,G,I,Y,Y,C,F,Q,G,S,H,-,-,-,-,V,P,P,T,F,G,G,G,T,K,L,E,I,K
Psanger_114473	Psanger	None	N212/3R	LC	1	100	1	Sanger	ATGGAGTTTCAGACCCAGGTACTCATGTCCCTGCTGCTCTGCATGTCTGGTGCGGCCGCAGACATTGTGCTGACCCAATCTCCAGCTTCTTTGGCTGTGTCTCTAGGGCAGAGGGCCACCATATCCTGCAGAGCCAGTGAAAGTGTTGATAGTTATGGCAATAATTTTATGCACTGGTACCAGCAGAAACCAGGACAGCCACCCAAACTCCTCATCTATCGTGCATCCAACCTAGAATCTGGGATCCCTGCCAGGTTCAGTGGCAGTGGGTCTAGGACAGACTTCACCCTCACCATTAATCCTGTGGAGGCTGATGATGTTGCAACCTATTACTGTCAGCAAAATAATGAGGATCCATGGACGTTCGGTGGAGGCACCAAGCTGGAAATCAAACGGGCT        		K	1.9e-56	180.5	20	130	imgt	0	MEFQTQVLMSLLLCMSGAAA`DIVLTQSPASLAVSLGQRATISCRASESVDSYGNNFMHWYQQKPGQPPKLLIYRASNLESGIPARFSGSGSRTDFTLTINPVEADDVATYYCQQNNEDPWTFGGGTKLEI`KRA	1,2,3,4,5,6,7,8,9,10,11,12,13,14,15,16,17,18,19,20,21,22,23,24,25,26,27,28,29,30,31,32,33,34,35,36,37,38,39,40,41,42,43,44,45,46,47,48,49,50,51,52,53,54,55,56,57,58,59,60,61,62,63,64,65,66,67,68,69,70,71,72,73,74,75,76,77,78,79,80,81,82,83,84,85,86,87,88,89,90,91,92,93,94,95,96,97,98,99,100,101,102,103,104,105,106,107,108,109,110,111,112,113,114,115,116,117,118,119,120,121,122,123,124,125,126,127	D,I,V,L,T,Q,S,P,A,S,L,A,V,S,L,G,Q,R,A,T,I,S,C,R,A,S,E,S,V,D,S,-,-,Y,G,N,N,F,M,H,W,Y,Q,Q,K,P,G,Q,P,P,K,L,L,I,Y,R,A,-,-,-,-,-,-,-,S,N,L,E,S,G,I,P,-,A,R,F,S,G,S,G,-,-,S,R,T,D,F,T,L,T,I,N,P,V,E,A,D,D,V,A,T,Y,Y,C,Q,Q,N,N,E,-,-,-,-,D,P,W,T,F,G,G,G,T,K,L,E,I,K
Psanger_114474	Psanger	None	N222/6R	LC	1	100	1	Sanger	AGATATTGTGATGACCCAGTCTCAAAAATTCATGTCCACATCAGTAGGAGACAGGGTCAGCGTCACCTGCAAGGCCAGTCAGAATGTGGGTAGTAATGTAGCCTGGTATCAACAGAAACCAGGGCACTCTCCTAAAGAACTGATTTACTTGGCATCCTACCGATACAGTGGAGTCCCTGATCGCTTCACAGGCAGTGGATCTGGGACAGATTTCACTCTCACCATCAGCAATGTGCAGTCTGAAGACTTGGCAGAGTATTTCTGTCAGCAATATAAGAGCTATCCGTACACGTTCGGAGGGGGGACCAAGCTGGAAATAAAAC		K	2.2e-53	170.7	0	106	imgt	1	`DIVMTQSQKFMSTSVGDRVSVTCKASQNVGSNVAWYQQKPGHSPKELIYLASYRYSGVPDRFTGSGSGTDFTLTISNVQSEDLAEYFCQQYKSYPYTFGGGTKLEI`K	1,2,3,4,5,6,7,8,9,10,11,12,13,14,15,16,17,18,19,20,21,22,23,24,25,26,27,28,29,30,31,32,33,34,35,36,37,38,39,40,41,42,43,44,45,46,47,48,49,50,51,52,53,54,55,56,57,58,59,60,61,62,63,64,65,66,67,68,69,70,71,72,73,74,75,76,77,78,79,80,81,82,83,84,85,86,87,88,89,90,91,92,93,94,95,96,97,98,99,100,101,102,103,104,105,106,107,108,109,110,111,112,113,114,115,116,117,118,119,120,121,122,123,124,125,126,127	D,I,V,M,T,Q,S,Q,K,F,M,S,T,S,V,G,D,R,V,S,V,T,C,K,A,S,Q,N,V,-,-,-,-,-,-,G,S,N,V,A,W,Y,Q,Q,K,P,G,H,S,P,K,E,L,I,Y,L,A,-,-,-,-,-,-,-,S,Y,R,Y,S,G,V,P,-,D,R,F,T,G,S,G,-,-,S,G,T,D,F,T,L,T,I,S,N,V,Q,S,E,D,L,A,E,Y,F,C,Q,Q,Y,K,S,-,-,-,-,Y,P,Y,T,F,G,G,G,T,K,L,E,I,K
Psanger_114555	Psanger	None	N230/21R	LC	1	100	1	Sanger	AGACATTGTGATGACCCAAAGTCCACTCTCCCTGCCTGTCAGTCTTGGAGATCAAGCCTCCATCTCTTGCAGATCTACTCAGAGCCTTGTACACATTAATGGAAACACCTATTTACATTGGTACCTGCAGAAGCCAGGCCAGTCTCCAAAGCTCCTGATCTACAAAGTTTCCAACCGATTTTCTGGGGTCCCAGACAGGTTCAGTGGCAGTGGATCAGGGACAGATTTCACACTCAAGATCAGCAGAGTGGAGGTTGAGGATCTGGGAGTTTATTTCTGCTTTCAAAGTACACATGTTCCATTCACGTTCGGCTCGGGGACAAAGTTGGAAATAAAAC		K	2.2e-56	180.2	0	111	imgt	1	`DIVMTQSPLSLPVSLGDQASISCRSTQSLVHINGNTYLHWYLQKPGQSPKLLIYKVSNRFSGVPDRFSGSGSGTDFTLKISRVEVEDLGVYFCFQSTHVPFTFGSGTKLEI`K	1,2,3,4,5,6,7,8,9,10,11,12,13,14,15,16,17,18,19,20,21,22,23,24,25,26,27,28,29,30,31,32,33,34,35,36,37,38,39,40,41,42,43,44,45,46,47,48,49,50,51,52,53,54,55,56,57,58,59,60,61,62,63,64,65,66,67,68,69,70,71,72,73,74,75,76,77,78,79,80,81,82,83,84,85,86,87,88,89,90,91,92,93,94,95,96,97,98,99,100,101,102,103,104,105,106,107,108,109,110,111,112,113,114,115,116,117,118,119,120,121,122,123,124,125,126,127	D,I,V,M,T,Q,S,P,L,S,L,P,V,S,L,G,D,Q,A,S,I,S,C,R,S,T,Q,S,L,V,H,I,-,N,G,N,T,Y,L,H,W,Y,L,Q,K,P,G,Q,S,P,K,L,L,I,Y,K,V,-,-,-,-,-,-,-,S,N,R,F,S,G,V,P,-,D,R,F,S,G,S,G,-,-,S,G,T,D,F,T,L,K,I,S,R,V,E,V,E,D,L,G,V,Y,F,C,F,Q,S,T,H,-,-,-,-,V,P,F,T,F,G,S,G,T,K,L,E,I,K
Psanger_114509	Psanger	None	N235/22R	LC	1	100	1	Sanger	ATGGAGTTTCAGACCCAGGTACTCATGTCCCTGCTGCTCTGCATGTCTGGTGCGGCCGCAGACATTGTGATGTCACAGTCTCCATCCTCCCTAGCTGTGTCAGTTGGAGAGAAGGTTACTGTGAGCTGCAAGTCCAGTCAGAGCCTTTTATATAGTCGCGAGCAAAACAACTACTTGGCCTGGTACCAGCAGGAACCAGGGCAGTCTCCTAAACTGCTGATTTACTGGGCATCCACTAGGGAATCTGGGGTCCCTGATCGCTTCACAGGCAGTGGATCTGGGACAGATTTCACTCTCACCATCAGCAGTGTGAAGGCTGAAGACCTGGCAGTGTATTACTGTCAACAATATTATGACTATCCTGTCACGTTCGGTGCTGGGACCAAGCTGGAGCTGAAACGGGCT		K	1.3e-57	184.3	20	132	imgt	0	MEFQTQVLMSLLLCMSGAAA`DIVMSQSPSSLAVSVGEKVTVSCKSSQSLLYSREQNNYLAWYQQEPGQSPKLLIYWASTRESGVPDRFTGSGSGTDFTLTISSVKAEDLAVYYCQQYYDYPVTFGAGTKLEL`KRA	1,2,3,4,5,6,7,8,9,10,11,12,13,14,15,16,17,18,19,20,21,22,23,24,25,26,27,28,29,30,31,32,33,34,35,36,37,38,39,40,41,42,43,44,45,46,47,48,49,50,51,52,53,54,55,56,57,58,59,60,61,62,63,64,65,66,67,68,69,70,71,72,73,74,75,76,77,78,79,80,81,82,83,84,85,86,87,88,89,90,91,92,93,94,95,96,97,98,99,100,101,102,103,104,105,106,107,108,109,110,111,112,113,114,115,116,117,118,119,120,121,122,123,124,125,126,127	D,I,V,M,S,Q,S,P,S,S,L,A,V,S,V,G,E,K,V,T,V,S,C,K,S,S,Q,S,L,L,Y,S,R,E,Q,N,N,Y,L,A,W,Y,Q,Q,E,P,G,Q,S,P,K,L,L,I,Y,W,A,-,-,-,-,-,-,-,S,T,R,E,S,G,V,P,-,D,R,F,T,G,S,G,-,-,S,G,T,D,F,T,L,T,I,S,S,V,K,A,E,D,L,A,V,Y,Y,C,Q,Q,Y,Y,D,-,-,-,-,Y,P,V,T,F,G,A,G,T,K,L,E,L,K
Psanger_128637	Psanger	None	N23B/49R	LC	1	100	1	Sanger	ATGGAGTTTCAGACCCAGGTACTCATGTCCCTGCTGCTCTGCATGTCTGGTGCGGCCGCAGACATCGTAATGACCCAGTCTCCATCCTCCCTGGCTATGTCAGTAGGACAGAAGGTCACTATGAGCTGCAAGTCCAGTCAGAGCCTTTTAAATAGTAACAATCATAAGAACTATTTGGCCTGGTACCAGCAGAAACCAGGACAGTCTCCTAAACTTCTGGTATACTTTGCATCCACTAGGGAATCTGGGGTCCCTGATCGCTTCATAGGCAGTGGATCTGGGACAGATTTCACTCTTACCATCAGCAGTGTGCAGGCTGAAGACCTGGCAGATTACTTCTGTCAGCAACATTTTAGCACTCCGTACACGTTCGGAGGGGGGACCAAGCTGGAAATAAAACGGGCT		K	1e-58	187.9	20	132	imgt	0	MEFQTQVLMSLLLCMSGAAA`DIVMTQSPSSLAMSVGQKVTMSCKSSQSLLNSNNHKNYLAWYQQKPGQSPKLLVYFASTRESGVPDRFIGSGSGTDFTLTISSVQAEDLADYFCQQHFSTPYTFGGGTKLEI`KRA	1,2,3,4,5,6,7,8,9,10,11,12,13,14,15,16,17,18,19,20,21,22,23,24,25,26,27,28,29,30,31,32,33,34,35,36,37,38,39,40,41,42,43,44,45,46,47,48,49,50,51,52,53,54,55,56,57,58,59,60,61,62,63,64,65,66,67,68,69,70,71,72,73,74,75,76,77,78,79,80,81,82,83,84,85,86,87,88,89,90,91,92,93,94,95,96,97,98,99,100,101,102,103,104,105,106,107,108,109,110,111,112,113,114,115,116,117,118,119,120,121,122,123,124,125,126,127	D,I,V,M,T,Q,S,P,S,S,L,A,M,S,V,G,Q,K,V,T,M,S,C,K,S,S,Q,S,L,L,N,S,N,N,H,K,N,Y,L,A,W,Y,Q,Q,K,P,G,Q,S,P,K,L,L,V,Y,F,A,-,-,-,-,-,-,-,S,T,R,E,S,G,V,P,-,D,R,F,I,G,S,G,-,-,S,G,T,D,F,T,L,T,I,S,S,V,Q,A,E,D,L,A,D,Y,F,C,Q,Q,H,F,S,-,-,-,-,T,P,Y,T,F,G,G,G,T,K,L,E,I,K
Psanger_114562	Psanger	None	N244/5R	LC	1	100	1	Sanger	ATGGAGTTTCAGACCCAGGTACTCATGTCCCTGCTGCTCTGCATGTCTGGTGCGGCCGCAGACATCTTGCTGACTCAGTCTCCTGCTTCCTTAGCTGTATCTCTGGGGCAGAGGGCCACCATCTCATGCAGGGCCAGCCAAAGTGTCTGTTCAACTAGTTATTGTTCTTTACACTGGTACCAGCAGAAACCAGGACAGACACCCAAACTCCTCATCAAGAATGTTTCCAAGTTACCATCTGGGGTCCCTGTCAGATTCAGTGGCAGTGGGTCTGGGACAGACTTCACCCTCAACATCCTGCCTGTGGAGGAAGGAGATACTGCAACATATTTCTGTCAGCACAGTTGGGAGATTCCCACGTTCGGTGCTGGGACCAAGCTGGAGCTGAAACGGGCT		K	4.1e-49	156.8	20	129	imgt	0	MEFQTQVLMSLLLCMSGAAA`DILLTQSPASLAVSLGQRATISCRASQSVCSTSYCSLHWYQQKPGQTPKLLIKNVSKLPSGVPVRFSGSGSGTDFTLNILPVEEGDTATYFCQHSWEIPTFGAGTKLEL`KRA	1,2,3,4,5,6,7,8,9,10,11,12,13,14,15,16,17,18,19,20,21,22,23,24,25,26,27,28,29,30,31,32,33,34,35,36,37,38,39,40,41,42,43,44,45,46,47,48,49,50,51,52,53,54,55,56,57,58,59,60,61,62,63,64,65,66,67,68,69,70,71,72,73,74,75,76,77,78,79,80,81,82,83,84,85,86,87,88,89,90,91,92,93,94,95,96,97,98,99,100,101,102,103,104,105,106,107,108,109,110,111,112,113,114,115,116,117,118,119,120,121,122,123,124,125,126,127	D,I,L,L,T,Q,S,P,A,S,L,A,V,S,L,G,Q,R,A,T,I,S,C,R,A,S,Q,S,V,C,S,-,-,T,S,Y,C,S,L,H,W,Y,Q,Q,K,P,G,Q,T,P,K,L,L,I,K,N,V,-,-,-,-,-,-,-,S,K,L,P,S,G,V,P,-,V,R,F,S,G,S,G,-,-,S,G,T,D,F,T,L,N,I,L,P,V,E,E,G,D,T,A,T,Y,F,C,Q,H,S,W,-,-,-,-,-,E,I,P,T,F,G,A,G,T,K,L,E,L,K
Psanger_114477	Psanger	None	N268/19R	LC	1	100	1	Sanger	AGACATTGTGCTGACCCAAACTCCACTCTCCCTGCCTGTCAGTCTTGGAGATCAAGCCTCCATCTCTTGCAGATCTAATCAGAGCCTTGTACGCAGTAATGGAAACACCTATTTACATTGGTTCCTGCAGAAGCCAGGCCAGTCTCCAAAACTCCTGATCTACAAAGTTTCCAACCGATTTTCTGGGGTCCCAGACAGGTTCAGTGGCAGTGGATCAGGGACAGATTTCACACTCAGGATCAGCAGAGTGGAGGCTGAGGATCTGGGAGTTTATTTCTGCTCTCAAAGTACACATGTTCCATTCACGTTCGGCTCGGGGACAAAGTTGGAAATAAAAC		K	4.7e-56	179.2	0	111	imgt	1	`DIVLTQTPLSLPVSLGDQASISCRSNQSLVRSNGNTYLHWFLQKPGQSPKLLIYKVSNRFSGVPDRFSGSGSGTDFTLRISRVEAEDLGVYFCSQSTHVPFTFGSGTKLEI`K	1,2,3,4,5,6,7,8,9,10,11,12,13,14,15,16,17,18,19,20,21,22,23,24,25,26,27,28,29,30,31,32,33,34,35,36,37,38,39,40,41,42,43,44,45,46,47,48,49,50,51,52,53,54,55,56,57,58,59,60,61,62,63,64,65,66,67,68,69,70,71,72,73,74,75,76,77,78,79,80,81,82,83,84,85,86,87,88,89,90,91,92,93,94,95,96,97,98,99,100,101,102,103,104,105,106,107,108,109,110,111,112,113,114,115,116,117,118,119,120,121,122,123,124,125,126,127	D,I,V,L,T,Q,T,P,L,S,L,P,V,S,L,G,D,Q,A,S,I,S,C,R,S,N,Q,S,L,V,R,S,-,N,G,N,T,Y,L,H,W,F,L,Q,K,P,G,Q,S,P,K,L,L,I,Y,K,V,-,-,-,-,-,-,-,S,N,R,F,S,G,V,P,-,D,R,F,S,G,S,G,-,-,S,G,T,D,F,T,L,R,I,S,R,V,E,A,E,D,L,G,V,Y,F,C,S,Q,S,T,H,-,-,-,-,V,P,F,T,F,G,S,G,T,K,L,E,I,K
Psanger_114558	Psanger	None	N269/73R	LC	1	100	1	Sanger	AGAAAATGTGCTGACCCAGTCTCCGTCCTCCTTATCTGCCTCTCTGGGAGAAAGAGTCAGTCTCACTTGTCGGGCAAGTCAGGAAATTAGGGGTTACTTAACCTGGCTTCAGCAGAAACCAGATGGAACTATTAAACGCCTGATCTACGCCGCATCCATTTTAGATTCTGGTGTCCCAAAAAGGTTCAGTGCCAGTAGGTCTGGGTCAGAATACTCTCTCACCATCAGCAGCCTTGAGTCTGAAGATTTTGCAGACTATTACTGTCTACAATATGGTAGTTATCCTCGGACGTTCGGTGGAGGCACCAAGCTGGAAATCAAAC		K	1.9e-46	148.3	0	106	imgt	1	`ENVLTQSPSSLSASLGERVSLTCRASQEIRGYLTWLQQKPDGTIKRLIYAASILDSGVPKRFSASRSGSEYSLTISSLESEDFADYYCLQYGSYPRTFGGGTKLEI`K	1,2,3,4,5,6,7,8,9,10,11,12,13,14,15,16,17,18,19,20,21,22,23,24,25,26,27,28,29,30,31,32,33,34,35,36,37,38,39,40,41,42,43,44,45,46,47,48,49,50,51,52,53,54,55,56,57,58,59,60,61,62,63,64,65,66,67,68,69,70,71,72,73,74,75,76,77,78,79,80,81,82,83,84,85,86,87,88,89,90,91,92,93,94,95,96,97,98,99,100,101,102,103,104,105,106,107,108,109,110,111,112,113,114,115,116,117,118,119,120,121,122,123,124,125,126,127	E,N,V,L,T,Q,S,P,S,S,L,S,A,S,L,G,E,R,V,S,L,T,C,R,A,S,Q,E,I,-,-,-,-,-,-,R,G,Y,L,T,W,L,Q,Q,K,P,D,G,T,I,K,R,L,I,Y,A,A,-,-,-,-,-,-,-,S,I,L,D,S,G,V,P,-,K,R,F,S,A,S,R,-,-,S,G,S,E,Y,S,L,T,I,S,S,L,E,S,E,D,F,A,D,Y,Y,C,L,Q,Y,G,S,-,-,-,-,Y,P,R,T,F,G,G,G,T,K,L,E,I,K
Psanger_114482	Psanger	None	N277/7R	LC	1	100	1	Sanger	ATGGAGTTTCAGACCCAGGTACTCATGTCCCTGCTGCTCTGCATGTCTGGTGCGGCCGCAGAAATTGTGATGACCCAAACTCCACTCTCCCTGCCTGTCAGTCTTGGAGATCAAGCCTCCATCTCTTGCAGATCTAGTCAGAGCCTTGTACACAGTAATGGAAACACCTATTTACATTGGTACCTGCAGAAGCCAGGCCAGTCTCCAAAGCTCCTGATCTACAAAGTTTCCAACCGATTTTCTGGGGTCCCAGACAGGTTCAGTGGCAGTGGATCAGGGACAGATTTCACACTCAAGATCAGCAGAGTGGAGGCTGAGGATCTGGGAGTTTATTTCTGCTCTCAAAGTACACATGTTCCATTCACGTTCGGCTCGGGGACAAAGTTGGAAATAAAACGGGCT		K	7.2e-58	185.0	20	131	imgt	0	MEFQTQVLMSLLLCMSGAAA`EIVMTQTPLSLPVSLGDQASISCRSSQSLVHSNGNTYLHWYLQKPGQSPKLLIYKVSNRFSGVPDRFSGSGSGTDFTLKISRVEAEDLGVYFCSQSTHVPFTFGSGTKLEI`KRA	1,2,3,4,5,6,7,8,9,10,11,12,13,14,15,16,17,18,19,20,21,22,23,24,25,26,27,28,29,30,31,32,33,34,35,36,37,38,39,40,41,42,43,44,45,46,47,48,49,50,51,52,53,54,55,56,57,58,59,60,61,62,63,64,65,66,67,68,69,70,71,72,73,74,75,76,77,78,79,80,81,82,83,84,85,86,87,88,89,90,91,92,93,94,95,96,97,98,99,100,101,102,103,104,105,106,107,108,109,110,111,112,113,114,115,116,117,118,119,120,121,122,123,124,125,126,127	E,I,V,M,T,Q,T,P,L,S,L,P,V,S,L,G,D,Q,A,S,I,S,C,R,S,S,Q,S,L,V,H,S,-,N,G,N,T,Y,L,H,W,Y,L,Q,K,P,G,Q,S,P,K,L,L,I,Y,K,V,-,-,-,-,-,-,-,S,N,R,F,S,G,V,P,-,D,R,F,S,G,S,G,-,-,S,G,T,D,F,T,L,K,I,S,R,V,E,A,E,D,L,G,V,Y,F,C,S,Q,S,T,H,-,-,-,-,V,P,F,T,F,G,S,G,T,K,L,E,I,K
Psanger_114476	Psanger	None	N278/19R	LC	1	100	1	Sanger	AGATATTGTGATGACCCAGTCTCCATCCTCCCTAGCTGTGTCAGTTGGAGAGAAGGTTACTATGAACTGCACGTCCAGTCAGAGCCTTTTATATAATAACAATCAAAAGAACTACTTGGCCTGGTACCAGCAGAAACCAGGGCAGTCTCCTAAACTGCTGATTTACTGGGCATCCACTAGGGAATCTGGGGTCCCTGATCGCTTCACAGGCAGTGGATCCGGGACAGATTTCACTCTCACCATCAGCAGTGTGAAGGCTGAAGACTTGGCAGTTTATTACTGTCAGCAATATTATACCTATCCGTGGACGTTCGGTGGAGGCTCCAAGCTGGAAATCAAAC		K	2.8e-59	189.7	0	112	imgt	1	`DIVMTQSPSSLAVSVGEKVTMNCTSSQSLLYNNNQKNYLAWYQQKPGQSPKLLIYWASTRESGVPDRFTGSGSGTDFTLTISSVKAEDLAVYYCQQYYTYPWTFGGGSKLEI`K	1,2,3,4,5,6,7,8,9,10,11,12,13,14,15,16,17,18,19,20,21,22,23,24,25,26,27,28,29,30,31,32,33,34,35,36,37,38,39,40,41,42,43,44,45,46,47,48,49,50,51,52,53,54,55,56,57,58,59,60,61,62,63,64,65,66,67,68,69,70,71,72,73,74,75,76,77,78,79,80,81,82,83,84,85,86,87,88,89,90,91,92,93,94,95,96,97,98,99,100,101,102,103,104,105,106,107,108,109,110,111,112,113,114,115,116,117,118,119,120,121,122,123,124,125,126,127	D,I,V,M,T,Q,S,P,S,S,L,A,V,S,V,G,E,K,V,T,M,N,C,T,S,S,Q,S,L,L,Y,N,N,N,Q,K,N,Y,L,A,W,Y,Q,Q,K,P,G,Q,S,P,K,L,L,I,Y,W,A,-,-,-,-,-,-,-,S,T,R,E,S,G,V,P,-,D,R,F,T,G,S,G,-,-,S,G,T,D,F,T,L,T,I,S,S,V,K,A,E,D,L,A,V,Y,Y,C,Q,Q,Y,Y,T,-,-,-,-,Y,P,W,T,F,G,G,G,S,K,L,E,I,K
Psanger_128638	Psanger	None	N28/9R	LC	1	100	1	Sanger	ATGGAGTTTCAGACCCAGGTACTCATGTCCCTGCTGCTCTGCATGTCTGGTGCGGCCGCAGACATCCAGATGACTCAGGCTGCATTCTCCAATCCAGTCACTCTTGGAACATCAGCTTCCATCTCCTGCAGGTCTAGTAAGAGTCTCCTATATAGTAATGGCATCACTTATTTGTATTGGTATCTGCAGAAGCCAGGCCAGTCTCCTCAGCTCCTGATTTATCAGATGTCCAACCTTGCCTCAGGAGTCCCAGACAGGTTCAGTAGCAGTGGGTCAGGAACTGATTTCACACTGAGAATCAGCAGAGTGGAGGCTGAGGATGTGGGTGTTTATTACTGTGCTCAAAATCTAGAAGTTCCGTGGACGTTCGGTGGAGGCACCAAGCTGGAAATCAAACGGGCT		K	1e-52	168.5	20	131	imgt	0	MEFQTQVLMSLLLCMSGAAA`DIQMTQAAFSNPVTLGTSASISCRSSKSLLYSNGITYLYWYLQKPGQSPQLLIYQMSNLASGVPDRFSSSGSGTDFTLRISRVEAEDVGVYYCAQNLEVPWTFGGGTKLEI`KRA	1,2,3,4,5,6,7,8,9,10,11,12,13,14,15,16,17,18,19,20,21,22,23,24,25,26,27,28,29,30,31,32,33,34,35,36,37,38,39,40,41,42,43,44,45,46,47,48,49,50,51,52,53,54,55,56,57,58,59,60,61,62,63,64,65,66,67,68,69,70,71,72,73,74,75,76,77,78,79,80,81,82,83,84,85,86,87,88,89,90,91,92,93,94,95,96,97,98,99,100,101,102,103,104,105,106,107,108,109,110,111,112,113,114,115,116,117,118,119,120,121,122,123,124,125,126,127	D,I,Q,M,T,Q,A,A,F,S,N,P,V,T,L,G,T,S,A,S,I,S,C,R,S,S,K,S,L,L,Y,S,-,N,G,I,T,Y,L,Y,W,Y,L,Q,K,P,G,Q,S,P,Q,L,L,I,Y,Q,M,-,-,-,-,-,-,-,S,N,L,A,S,G,V,P,-,D,R,F,S,S,S,G,-,-,S,G,T,D,F,T,L,R,I,S,R,V,E,A,E,D,V,G,V,Y,Y,C,A,Q,N,L,E,-,-,-,-,V,P,W,T,F,G,G,G,T,K,L,E,I,K
Psanger_114556	Psanger	None	N289/16R	LC	1	100	1	Sanger	AGAAACAACTGTGACCCAGACTCCACTCACTTTGTCGGTTACCATTGGACAACCAGCCTCCATCTCTTGCAAGTCAAGTCAGAGCCTCTTATATAGTAATGGAAAAACCTTTTTGAATTGGTTATTTCAGAGGCCAGGCCAGTCTCCAAAGCGCCTAATCCATCTGGTGTCTAAACTGGACTCTGGAGTCCCTGACAGGTTCACTGGCAGTGGATCAGGAACAGATTTTACACTGAAAATCAGCAGAGTGGAGGCTGAGGACTTGGGAGTTTATTACTGCGTGCAAGGTACACATTTTCCGTACACGTTCGGAGGGGGGACCAAGCTGGAAATAAAAC		K	7.8e-51	162.5	0	111	imgt	1	`ETTVTQTPLTLSVTIGQPASISCKSSQSLLYSNGKTFLNWLFQRPGQSPKRLIHLVSKLDSGVPDRFTGSGSGTDFTLKISRVEAEDLGVYYCVQGTHFPYTFGGGTKLEI`K	1,2,3,4,5,6,7,8,9,10,11,12,13,14,15,16,17,18,19,20,21,22,23,24,25,26,27,28,29,30,31,32,33,34,35,36,37,38,39,40,41,42,43,44,45,46,47,48,49,50,51,52,53,54,55,56,57,58,59,60,61,62,63,64,65,66,67,68,69,70,71,72,73,74,75,76,77,78,79,80,81,82,83,84,85,86,87,88,89,90,91,92,93,94,95,96,97,98,99,100,101,102,103,104,105,106,107,108,109,110,111,112,113,114,115,116,117,118,119,120,121,122,123,124,125,126,127	E,T,T,V,T,Q,T,P,L,T,L,S,V,T,I,G,Q,P,A,S,I,S,C,K,S,S,Q,S,L,L,Y,S,-,N,G,K,T,F,L,N,W,L,F,Q,R,P,G,Q,S,P,K,R,L,I,H,L,V,-,-,-,-,-,-,-,S,K,L,D,S,G,V,P,-,D,R,F,T,G,S,G,-,-,S,G,T,D,F,T,L,K,I,S,R,V,E,A,E,D,L,G,V,Y,Y,C,V,Q,G,T,H,-,-,-,-,F,P,Y,T,F,G,G,G,T,K,L,E,I,K
Psanger_114501	Psanger	None	N29/29R	LC	1	100	1	Sanger	AGACATTGTGCTGACCCAGTCTCCATCCTCCTTATCTGCCTCTCTGGGAGAAAGAGTCAGTCTCACTTGTCGGGCAAGTCAGGACATTGGTAGTAGCTTAATCTGGCTTCAACAGGAACCAGATGGAACTATTAAACGCCTGATCTACGCCACATCCAGTTTAGATTCTGGTGTCCCCAAAAGGTTCAGTGGCAGTGGGTCTGGGTCAGAATTTTCTCTCACCATCAGCAGCCTTGAGTCTGAGGATTTTGTAGACTATTACTGTCTACAATATGCTAGTTCTCCGTACACGTTCGGAGGGGGGACCAAGCTGGAAATAAAAC		K	1.7e-48	154.8	0	106	imgt	1	`DIVLTQSPSSLSASLGERVSLTCRASQDIGSSLIWLQQEPDGTIKRLIYATSSLDSGVPKRFSGSGSGSEFSLTISSLESEDFVDYYCLQYASSPYTFGGGTKLEI`K	1,2,3,4,5,6,7,8,9,10,11,12,13,14,15,16,17,18,19,20,21,22,23,24,25,26,27,28,29,30,31,32,33,34,35,36,37,38,39,40,41,42,43,44,45,46,47,48,49,50,51,52,53,54,55,56,57,58,59,60,61,62,63,64,65,66,67,68,69,70,71,72,73,74,75,76,77,78,79,80,81,82,83,84,85,86,87,88,89,90,91,92,93,94,95,96,97,98,99,100,101,102,103,104,105,106,107,108,109,110,111,112,113,114,115,116,117,118,119,120,121,122,123,124,125,126,127	D,I,V,L,T,Q,S,P,S,S,L,S,A,S,L,G,E,R,V,S,L,T,C,R,A,S,Q,D,I,-,-,-,-,-,-,G,S,S,L,I,W,L,Q,Q,E,P,D,G,T,I,K,R,L,I,Y,A,T,-,-,-,-,-,-,-,S,S,L,D,S,G,V,P,-,K,R,F,S,G,S,G,-,-,S,G,S,E,F,S,L,T,I,S,S,L,E,S,E,D,F,V,D,Y,Y,C,L,Q,Y,A,S,-,-,-,-,S,P,Y,T,F,G,G,G,T,K,L,E,I,K
Psanger_114563	Psanger	None	N291C/22R	LC	1	100	1	Sanger	AGACATCCAGATGACTCAGTCTCCATCCTCCTTATCTGCCTCTCTGGGAGAAAGAGTCAGTCTCACTTGTCGGGCAAGTCAGGACATTGGTATTACCTTAAACTGGCTTCAGCAGGAACCAGATGGAACTATTAAACGCCTGATCTACGCCACATCCAGTTTAGACTCTGGTGTCCCCAAGAGGTTCAGTGGCAGTAGGTCTGGGTCAGATTATTCTCTCACCATCAGCAGCCTTGAGTCTGAAGATTTTGTGACCTATTACTGTCTACAATATGCTAGTTCTCCATTCACGTTCGGCTCGGGGACAAAGTTGGAAATAAAAC		K	3.2e-49	157.3	0	106	imgt	1	`DIQMTQSPSSLSASLGERVSLTCRASQDIGITLNWLQQEPDGTIKRLIYATSSLDSGVPKRFSGSRSGSDYSLTISSLESEDFVTYYCLQYASSPFTFGSGTKLEI`K	1,2,3,4,5,6,7,8,9,10,11,12,13,14,15,16,17,18,19,20,21,22,23,24,25,26,27,28,29,30,31,32,33,34,35,36,37,38,39,40,41,42,43,44,45,46,47,48,49,50,51,52,53,54,55,56,57,58,59,60,61,62,63,64,65,66,67,68,69,70,71,72,73,74,75,76,77,78,79,80,81,82,83,84,85,86,87,88,89,90,91,92,93,94,95,96,97,98,99,100,101,102,103,104,105,106,107,108,109,110,111,112,113,114,115,116,117,118,119,120,121,122,123,124,125,126,127	D,I,Q,M,T,Q,S,P,S,S,L,S,A,S,L,G,E,R,V,S,L,T,C,R,A,S,Q,D,I,-,-,-,-,-,-,G,I,T,L,N,W,L,Q,Q,E,P,D,G,T,I,K,R,L,I,Y,A,T,-,-,-,-,-,-,-,S,S,L,D,S,G,V,P,-,K,R,F,S,G,S,R,-,-,S,G,S,D,Y,S,L,T,I,S,S,L,E,S,E,D,F,V,T,Y,Y,C,L,Q,Y,A,S,-,-,-,-,S,P,F,T,F,G,S,G,T,K,L,E,I,K
Psanger_140076	Psanger	None	N295B/66R	LC	1	100	1	Sanger	ATGGAGTTTCAGACCCAGGTACTCATGTCCCTGCTGCTCTGCATGTCTGGTGCGGCCGCAGACATTGTGATGACCCAGTCTCAAAAATTCATGTCCACGTCAGTAGGAGACAGGGTCAGCGTCACCTGCAAGGCCAGTCAGAATGTGGGTACTAATGTTGCCTGGTATCAACAGAAACCAGGACAATCTCCTAAAGCACTGATTTACTCGGCTTCCTATCGGTACAGTGGAGTCCCTGATCGCTTCACAGGCAGTGGATCTGGGACAGATTTCACTCTCACCATCAGCAATGTGCAGTCTGAAGACTTGGCTGAGTATTTCTGTCAGCAATATAACAGCCATCCATTCACGTTCGGCTCGGGGGCAAAGTTGGCAATAAAACGGGCT		K	1.5e-51	164.7	20	126	imgt	0	MEFQTQVLMSLLLCMSGAAA`DIVMTQSQKFMSTSVGDRVSVTCKASQNVGTNVAWYQQKPGQSPKALIYSASYRYSGVPDRFTGSGSGTDFTLTISNVQSEDLAEYFCQQYNSHPFTFGSGAKLAI`KRA	1,2,3,4,5,6,7,8,9,10,11,12,13,14,15,16,17,18,19,20,21,22,23,24,25,26,27,28,29,30,31,32,33,34,35,36,37,38,39,40,41,42,43,44,45,46,47,48,49,50,51,52,53,54,55,56,57,58,59,60,61,62,63,64,65,66,67,68,69,70,71,72,73,74,75,76,77,78,79,80,81,82,83,84,85,86,87,88,89,90,91,92,93,94,95,96,97,98,99,100,101,102,103,104,105,106,107,108,109,110,111,112,113,114,115,116,117,118,119,120,121,122,123,124,125,126,127	D,I,V,M,T,Q,S,Q,K,F,M,S,T,S,V,G,D,R,V,S,V,T,C,K,A,S,Q,N,V,-,-,-,-,-,-,G,T,N,V,A,W,Y,Q,Q,K,P,G,Q,S,P,K,A,L,I,Y,S,A,-,-,-,-,-,-,-,S,Y,R,Y,S,G,V,P,-,D,R,F,T,G,S,G,-,-,S,G,T,D,F,T,L,T,I,S,N,V,Q,S,E,D,L,A,E,Y,F,C,Q,Q,Y,N,S,-,-,-,-,H,P,F,T,F,G,S,G,A,K,L,A,I,K
Psanger_114490	Psanger	None	N321C/49R	LC	1	100	1	Sanger	AGACATCCAGATGATTCAGACTCCACTCACTTTGTCGGTTAAGACTGGACAACCAGCCTCCATCTCTTGCAAGTCAAGTCAGAGCCTCTTAGATAGTGATGGAAAGACATATTTGAATTGGTTATTACAGAGGCCAGGCCAGTCTCCAAAGCGCCTAATCTATCTGGTGTCTAAACTGGACTCTGGAGTCCCTGACAGGTTCACTGGCAGTGGATCAGGGACAGATTTCACACTGAAAATCAGCAGAGTGGAGGCTGAGGATTTGGGAGTTTATTATTGCTGGCAAGGTACACATTTTCCGCTCACGTTCGGTGCTGGGACCAAGCTGGAGCTGAAAC        		K	3.3e-52	166.9	0	111	imgt	1	`DIQMIQTPLTLSVKTGQPASISCKSSQSLLDSDGKTYLNWLLQRPGQSPKRLIYLVSKLDSGVPDRFTGSGSGTDFTLKISRVEAEDLGVYYCWQGTHFPLTFGAGTKLEL`K	1,2,3,4,5,6,7,8,9,10,11,12,13,14,15,16,17,18,19,20,21,22,23,24,25,26,27,28,29,30,31,32,33,34,35,36,37,38,39,40,41,42,43,44,45,46,47,48,49,50,51,52,53,54,55,56,57,58,59,60,61,62,63,64,65,66,67,68,69,70,71,72,73,74,75,76,77,78,79,80,81,82,83,84,85,86,87,88,89,90,91,92,93,94,95,96,97,98,99,100,101,102,103,104,105,106,107,108,109,110,111,112,113,114,115,116,117,118,119,120,121,122,123,124,125,126,127	D,I,Q,M,I,Q,T,P,L,T,L,S,V,K,T,G,Q,P,A,S,I,S,C,K,S,S,Q,S,L,L,D,S,-,D,G,K,T,Y,L,N,W,L,L,Q,R,P,G,Q,S,P,K,R,L,I,Y,L,V,-,-,-,-,-,-,-,S,K,L,D,S,G,V,P,-,D,R,F,T,G,S,G,-,-,S,G,T,D,F,T,L,K,I,S,R,V,E,A,E,D,L,G,V,Y,Y,C,W,Q,G,T,H,-,-,-,-,F,P,L,T,F,G,A,G,T,K,L,E,L,K
Psanger_114480	Psanger	None	N323B/20R	LC	1	100	1	Sanger	ATGGAGTTTCAGACCCAGGTACTCATGTCCCTGCTGCTCTGCATGTCTGGTGCGGCCGCAGACATTGTGCTCACCCAATCTCCAGCTTCTTTGGCTGTGTCTCTAGGGCAGAGAGCCACCATTTCCTGCAGAGCCAGTGAAAGTGTTGAATATTATGGCACAAGTTTAATGCAGTGGTACCAACAGAAACCAGGACAGCCACCCAAACTCCTCATCTATGTTGCATCCAACGTAGAATCTGGGGTCCCTGCCAGGTTTAGTGGCAGTGGGTCTGGGACAGACTTCAGCCTCAACATCCATCCTGTGGAGGAGGATGATATTGCAATGTATTTCTGTCAGCAAAGTAGGAAGTTTCCGTACACGTTCGGAGGGGGGACCAAGCTGGAAATAAAACGGGCT		K	1.4e-54	174.5	20	130	imgt	0	MEFQTQVLMSLLLCMSGAAA`DIVLTQSPASLAVSLGQRATISCRASESVEYYGTSLMQWYQQKPGQPPKLLIYVASNVESGVPARFSGSGSGTDFSLNIHPVEEDDIAMYFCQQSRKFPYTFGGGTKLEI`KRA	1,2,3,4,5,6,7,8,9,10,11,12,13,14,15,16,17,18,19,20,21,22,23,24,25,26,27,28,29,30,31,32,33,34,35,36,37,38,39,40,41,42,43,44,45,46,47,48,49,50,51,52,53,54,55,56,57,58,59,60,61,62,63,64,65,66,67,68,69,70,71,72,73,74,75,76,77,78,79,80,81,82,83,84,85,86,87,88,89,90,91,92,93,94,95,96,97,98,99,100,101,102,103,104,105,106,107,108,109,110,111,112,113,114,115,116,117,118,119,120,121,122,123,124,125,126,127	D,I,V,L,T,Q,S,P,A,S,L,A,V,S,L,G,Q,R,A,T,I,S,C,R,A,S,E,S,V,E,Y,-,-,Y,G,T,S,L,M,Q,W,Y,Q,Q,K,P,G,Q,P,P,K,L,L,I,Y,V,A,-,-,-,-,-,-,-,S,N,V,E,S,G,V,P,-,A,R,F,S,G,S,G,-,-,S,G,T,D,F,S,L,N,I,H,P,V,E,E,D,D,I,A,M,Y,F,C,Q,Q,S,R,K,-,-,-,-,F,P,Y,T,F,G,G,G,T,K,L,E,I,K
Psanger_114510	Psanger	None	N326D/29R	LC	1	100	1	Sanger	AGACATTGTGCTGACCCAATCTCCAGCTTCTTTGGCTGTGTCTCTAGGGCAGAGGGCCACCATATCCTGCAGAGCCAGTGAAGGTGTTGATTATTATGGCTATAGTTTTATGCACTGGTACCAGCAGAAACCAGGACAGCCACCCAAACTCCTCATCTATCGTGCATCCAACCTAGAATCTGGGATCCCTGCCAGGTTCAGTGGCAGTGGGTCTAGGACAGACTTCACCCTCACCATTAATCCTGTGGAGGCTGATGATGTTGCAACCTATTACTGTCAGCAAAGTAATGAGGATCCTCGGACGTTCGGTGGAGGCACCAAGCTGGAAATCAAAC		K	5.1e-54	172.7	0	110	imgt	1	`DIVLTQSPASLAVSLGQRATISCRASEGVDYYGYSFMHWYQQKPGQPPKLLIYRASNLESGIPARFSGSGSRTDFTLTINPVEADDVATYYCQQSNEDPRTFGGGTKLEI`K	1,2,3,4,5,6,7,8,9,10,11,12,13,14,15,16,17,18,19,20,21,22,23,24,25,26,27,28,29,30,31,32,33,34,35,36,37,38,39,40,41,42,43,44,45,46,47,48,49,50,51,52,53,54,55,56,57,58,59,60,61,62,63,64,65,66,67,68,69,70,71,72,73,74,75,76,77,78,79,80,81,82,83,84,85,86,87,88,89,90,91,92,93,94,95,96,97,98,99,100,101,102,103,104,105,106,107,108,109,110,111,112,113,114,115,116,117,118,119,120,121,122,123,124,125,126,127	D,I,V,L,T,Q,S,P,A,S,L,A,V,S,L,G,Q,R,A,T,I,S,C,R,A,S,E,G,V,D,Y,-,-,Y,G,Y,S,F,M,H,W,Y,Q,Q,K,P,G,Q,P,P,K,L,L,I,Y,R,A,-,-,-,-,-,-,-,S,N,L,E,S,G,I,P,-,A,R,F,S,G,S,G,-,-,S,R,T,D,F,T,L,T,I,N,P,V,E,A,D,D,V,A,T,Y,Y,C,Q,Q,S,N,E,-,-,-,-,D,P,R,T,F,G,G,G,T,K,L,E,I,K
Psanger_114488	Psanger	None	N331/19R	LC	1	100	1	Sanger	AGACATTGTGATGTCACAGTCTCCATCCTCCCTAGCTGTGTCAGTTGGAGAGAAGGTTACTATGAGCTGCAAGTCCAGTCAGAGCCTTTTATATAGTAGCAATCAAAAGAACTACTTGGCCTGGTACCAGCAGAAACCAGGACAGTCTCCTAAACTGCTGATTTACTGGGCATCCACTGGGGAATCTGGGGTCCGTGATCGCTTCACAGGCAGTGGATCTGGGACAAATTTCACTCTCACCATCAGCAGTGTGAAGGCTGAAGACCTGGCAGTTTATTTCTGTCAGCAGTATTATAGCTATCCGACGTTCGGTGGAGGCACCAAGCTGGAAATCAAAC		K	6.8e-56	178.7	0	111	imgt	1	`DIVMSQSPSSLAVSVGEKVTMSCKSSQSLLYSSNQKNYLAWYQQKPGQSPKLLIYWASTGESGVRDRFTGSGSGTNFTLTISSVKAEDLAVYFCQQYYSYPTFGGGTKLEI`K	1,2,3,4,5,6,7,8,9,10,11,12,13,14,15,16,17,18,19,20,21,22,23,24,25,26,27,28,29,30,31,32,33,34,35,36,37,38,39,40,41,42,43,44,45,46,47,48,49,50,51,52,53,54,55,56,57,58,59,60,61,62,63,64,65,66,67,68,69,70,71,72,73,74,75,76,77,78,79,80,81,82,83,84,85,86,87,88,89,90,91,92,93,94,95,96,97,98,99,100,101,102,103,104,105,106,107,108,109,110,111,112,113,114,115,116,117,118,119,120,121,122,123,124,125,126,127	D,I,V,M,S,Q,S,P,S,S,L,A,V,S,V,G,E,K,V,T,M,S,C,K,S,S,Q,S,L,L,Y,S,S,N,Q,K,N,Y,L,A,W,Y,Q,Q,K,P,G,Q,S,P,K,L,L,I,Y,W,A,-,-,-,-,-,-,-,S,T,G,E,S,G,V,R,-,D,R,F,T,G,S,G,-,-,S,G,T,N,F,T,L,T,I,S,S,V,K,A,E,D,L,A,V,Y,F,C,Q,Q,Y,Y,-,-,-,-,-,S,Y,P,T,F,G,G,G,T,K,L,E,I,K
Psanger_114494	Psanger	None	N34/34.2R	LC	1	100	1	Sanger	ATGGAGTTTCAGACCCAGGTACTCATGTCCCTGCTGCTCTGCATGTCTGGTGCGGCCGCAGACATTCTGATGACCCAAACTCCACTCTCCCTGCCTGTCAGTCTTGGAGATCAGGCCTCCATCTCTTGCAGATCTAGTCAGAGCCTTGTTCACAGTGATGGAAACACCTATTTACATTGGTACCTGCAGAAGCCAGGCCAGTCTCCAAAGCTCCTGATCTACAAAGTTTCCAACCGAGTTTCTGGGGTCCCAGACAGGTTCAGTGGCAGTGGATCAGGGACATATTTCACACTCAAGATCAGCAGAGTGGAGGCTGAGGATCTGGGAGTTTATTTTTGCTCCCAAAGTTCACATATTCCGTGGACGTTCGGTGGAGGCACCAAGCTGGAAATCAAACGGGCT		K	2.6e-57	183.4	20	131	imgt	0	MEFQTQVLMSLLLCMSGAAA`DILMTQTPLSLPVSLGDQASISCRSSQSLVHSDGNTYLHWYLQKPGQSPKLLIYKVSNRVSGVPDRFSGSGSGTYFTLKISRVEAEDLGVYFCSQSSHIPWTFGGGTKLEI`KRA	1,2,3,4,5,6,7,8,9,10,11,12,13,14,15,16,17,18,19,20,21,22,23,24,25,26,27,28,29,30,31,32,33,34,35,36,37,38,39,40,41,42,43,44,45,46,47,48,49,50,51,52,53,54,55,56,57,58,59,60,61,62,63,64,65,66,67,68,69,70,71,72,73,74,75,76,77,78,79,80,81,82,83,84,85,86,87,88,89,90,91,92,93,94,95,96,97,98,99,100,101,102,103,104,105,106,107,108,109,110,111,112,113,114,115,116,117,118,119,120,121,122,123,124,125,126,127	D,I,L,M,T,Q,T,P,L,S,L,P,V,S,L,G,D,Q,A,S,I,S,C,R,S,S,Q,S,L,V,H,S,-,D,G,N,T,Y,L,H,W,Y,L,Q,K,P,G,Q,S,P,K,L,L,I,Y,K,V,-,-,-,-,-,-,-,S,N,R,V,S,G,V,P,-,D,R,F,S,G,S,G,-,-,S,G,T,Y,F,T,L,K,I,S,R,V,E,A,E,D,L,G,V,Y,F,C,S,Q,S,S,H,-,-,-,-,I,P,W,T,F,G,G,G,T,K,L,E,I,K
Psanger_114503	Psanger	None	N341/37R	LC	1	100	1	Sanger	AGACATCCTGCTGACCCAGTCTCCATATTCCCTACCTGTGTCAGTTGGAGAGAAGGTTACTATGAGCTGCAAGTCCAGTCAGAGCCTTTTATATAGGAGCGATCAAAAGAACTACTTGGCCTGGTACCAGCAGAAACCAGGGCAGTCTCCTAAACTGCTGATTTACTGGGCATCCAGTAGGGAATCTGGGGTCCCTGATCGCTTCACAGGCAGTGGATCTGGGACAGATTTCACTCTCACCATCAGCAGTGTGAAGGCTGAAGACCTGGCAGTTTATTACTGTCAGCAATATTATAGCTATCCGTACACGTTCGGAGGGGGGACCAAGCTGGAAATCAAAC		K	2.8e-59	189.7	0	112	imgt	1	`DILLTQSPYSLPVSVGEKVTMSCKSSQSLLYRSDQKNYLAWYQQKPGQSPKLLIYWASSRESGVPDRFTGSGSGTDFTLTISSVKAEDLAVYYCQQYYSYPYTFGGGTKLEI`K	1,2,3,4,5,6,7,8,9,10,11,12,13,14,15,16,17,18,19,20,21,22,23,24,25,26,27,28,29,30,31,32,33,34,35,36,37,38,39,40,41,42,43,44,45,46,47,48,49,50,51,52,53,54,55,56,57,58,59,60,61,62,63,64,65,66,67,68,69,70,71,72,73,74,75,76,77,78,79,80,81,82,83,84,85,86,87,88,89,90,91,92,93,94,95,96,97,98,99,100,101,102,103,104,105,106,107,108,109,110,111,112,113,114,115,116,117,118,119,120,121,122,123,124,125,126,127	D,I,L,L,T,Q,S,P,Y,S,L,P,V,S,V,G,E,K,V,T,M,S,C,K,S,S,Q,S,L,L,Y,R,S,D,Q,K,N,Y,L,A,W,Y,Q,Q,K,P,G,Q,S,P,K,L,L,I,Y,W,A,-,-,-,-,-,-,-,S,S,R,E,S,G,V,P,-,D,R,F,T,G,S,G,-,-,S,G,T,D,F,T,L,T,I,S,S,V,K,A,E,D,L,A,V,Y,Y,C,Q,Q,Y,Y,S,-,-,-,-,Y,P,Y,T,F,G,G,G,T,K,L,E,I,K
Psanger_114484	Psanger	None	N346/9R	LC	1	100	1	Sanger	AGATATTGTGATGACACAGTCTCCATCCTCCCTAGCTGTGTCAGTTGGAGAGAAGGTTACTATGCGCTGCAAGTCCAGTCATGACCTTTTATATAGTAGCGATCAAAGGAACTACTTGGCCTGGTACCAGCGGAAACCAGGGCAGTCTCCTAAACTGCTGATTTACTGGGCATCCACTAGGGAATCTGGGGTCCCTGATCGCTTCACAGGCAGTGGATCTGGGACAGATTTCACTCTCACCATCAGCAGTGTGAAGGCTGAAGACCTGGCAGTTTATTACTGTCAGCAATATTATAGCTATCCTCGGACGTTCGGTGGAGGCACCAAGCTGGAAATCAGAC		K	1.8e-57	183.9	0	112	imgt	1	`DIVMTQSPSSLAVSVGEKVTMRCKSSHDLLYSSDQRNYLAWYQRKPGQSPKLLIYWASTRESGVPDRFTGSGSGTDFTLTISSVKAEDLAVYYCQQYYSYPRTFGGGTKLEI`R	1,2,3,4,5,6,7,8,9,10,11,12,13,14,15,16,17,18,19,20,21,22,23,24,25,26,27,28,29,30,31,32,33,34,35,36,37,38,39,40,41,42,43,44,45,46,47,48,49,50,51,52,53,54,55,56,57,58,59,60,61,62,63,64,65,66,67,68,69,70,71,72,73,74,75,76,77,78,79,80,81,82,83,84,85,86,87,88,89,90,91,92,93,94,95,96,97,98,99,100,101,102,103,104,105,106,107,108,109,110,111,112,113,114,115,116,117,118,119,120,121,122,123,124,125,126,127	D,I,V,M,T,Q,S,P,S,S,L,A,V,S,V,G,E,K,V,T,M,R,C,K,S,S,H,D,L,L,Y,S,S,D,Q,R,N,Y,L,A,W,Y,Q,R,K,P,G,Q,S,P,K,L,L,I,Y,W,A,-,-,-,-,-,-,-,S,T,R,E,S,G,V,P,-,D,R,F,T,G,S,G,-,-,S,G,T,D,F,T,L,T,I,S,S,V,K,A,E,D,L,A,V,Y,Y,C,Q,Q,Y,Y,S,-,-,-,-,Y,P,R,T,F,G,G,G,T,K,L,E,I,R
Psanger_114485	Psanger	None	N348/82R	LC	1	100	1	Sanger	AGACATTGTGATGACACAGTCTCCTGCTTCCTTAGCTGTATCTCTGGGGCAGAGGGCCACCGTCTCATGCAGGGCCAGCAAAAGTGTCAGTACATCTGGCTATAGTTATATGCACTGGTACCAACAGAAACCAGGACAGCCACCCAAACTCCTCATCTATCTTGCATCCAACCTAGAATCTGGGGTCCCTGCCAGGTTCAGTGGCAGTGGGTCTGGGACAGACTTCACCCTCAACATCCATCCTGTGGAGGAGGAGGATGCTGCAACCTATTACTGTCACCACAGTAGGGAGCTTCCGCTCACGTTCGGTGCTGGGACCAAGCTGGAGCTGAAAC		K	2.5e-55	176.9	0	110	imgt	1	`DIVMTQSPASLAVSLGQRATVSCRASKSVSTSGYSYMHWYQQKPGQPPKLLIYLASNLESGVPARFSGSGSGTDFTLNIHPVEEEDAATYYCHHSRELPLTFGAGTKLEL`K	1,2,3,4,5,6,7,8,9,10,11,12,13,14,15,16,17,18,19,20,21,22,23,24,25,26,27,28,29,30,31,32,33,34,35,36,37,38,39,40,41,42,43,44,45,46,47,48,49,50,51,52,53,54,55,56,57,58,59,60,61,62,63,64,65,66,67,68,69,70,71,72,73,74,75,76,77,78,79,80,81,82,83,84,85,86,87,88,89,90,91,92,93,94,95,96,97,98,99,100,101,102,103,104,105,106,107,108,109,110,111,112,113,114,115,116,117,118,119,120,121,122,123,124,125,126,127	D,I,V,M,T,Q,S,P,A,S,L,A,V,S,L,G,Q,R,A,T,V,S,C,R,A,S,K,S,V,S,T,-,-,S,G,Y,S,Y,M,H,W,Y,Q,Q,K,P,G,Q,P,P,K,L,L,I,Y,L,A,-,-,-,-,-,-,-,S,N,L,E,S,G,V,P,-,A,R,F,S,G,S,G,-,-,S,G,T,D,F,T,L,N,I,H,P,V,E,E,E,D,A,A,T,Y,Y,C,H,H,S,R,E,-,-,-,-,L,P,L,T,F,G,A,G,T,K,L,E,L,K
Psanger_128639	Psanger	None	N351/23R	LC	1	100	1	Sanger	ATGGAGTTTCAGACCCAGGTACTCATGTCCCTGCTGCTCTGCATGTCTGGTGCGGCCGCAGACATTGTGATGACCCAAACTCCACTCTCCCTGTCTGTCAGTCTTGGAGATCAAGCCTCCATCTCTTGCAGATCTAGTCAGAGCCTTGTACACAGTAATGGAAACACCTATTTACATTGGTACCTGCAGAAGCCAGGCCAGTCTCCAAAGCTCCTGATCTACAAAGTTTCCAACCGATTTTCTGGGGTCCCAGACAGGTTCAGTGGCAGTGGCTCAGGGACAGATTTCACACTCAAGATCAGCAGAGTGGAGGCTGAGGATCTGGGAGTTTATTTCTGCTCTCAAAGTACACATGTTCCATTCACGTTCGGCTCGGGGACAAAGTTGGAAATAAAACGGG		K	2.3e-58	186.7	20	131	imgt	0	MEFQTQVLMSLLLCMSGAAA`DIVMTQTPLSLSVSLGDQASISCRSSQSLVHSNGNTYLHWYLQKPGQSPKLLIYKVSNRFSGVPDRFSGSGSGTDFTLKISRVEAEDLGVYFCSQSTHVPFTFGSGTKLEI`KR	1,2,3,4,5,6,7,8,9,10,11,12,13,14,15,16,17,18,19,20,21,22,23,24,25,26,27,28,29,30,31,32,33,34,35,36,37,38,39,40,41,42,43,44,45,46,47,48,49,50,51,52,53,54,55,56,57,58,59,60,61,62,63,64,65,66,67,68,69,70,71,72,73,74,75,76,77,78,79,80,81,82,83,84,85,86,87,88,89,90,91,92,93,94,95,96,97,98,99,100,101,102,103,104,105,106,107,108,109,110,111,112,113,114,115,116,117,118,119,120,121,122,123,124,125,126,127	D,I,V,M,T,Q,T,P,L,S,L,S,V,S,L,G,D,Q,A,S,I,S,C,R,S,S,Q,S,L,V,H,S,-,N,G,N,T,Y,L,H,W,Y,L,Q,K,P,G,Q,S,P,K,L,L,I,Y,K,V,-,-,-,-,-,-,-,S,N,R,F,S,G,V,P,-,D,R,F,S,G,S,G,-,-,S,G,T,D,F,T,L,K,I,S,R,V,E,A,E,D,L,G,V,Y,F,C,S,Q,S,T,H,-,-,-,-,V,P,F,T,F,G,S,G,T,K,L,E,I,K
Psanger_114486	Psanger	None	N353/13R	LC	1	100	1	Sanger	AGACATTGTGATGACCCAGTCTCCATCCAGTCTGTCTGCATCCCTTGGAGACACAATTACCATCACTTGCCATGCCAGTCAGAACATTAATGTTTGGTTAAGCTGGTACCAGCAGAAACCAGGAAATATTCCTAAACTATTGATCTATAAGGCTTCCAAGTTGCACACAGGCGTCCCATCAAGGTTTAGTGGCAGTGGATCTGGAACAGGTTTCACATTAACCATCAGCAGCCTGCAGCCTGAAGACATTGCCACTTACTACTGTCAACAGGGTCAAAGTTATCCTCTGACGTTCGGTGGAGGCACCAAGCTGGAAATCAAAC		K	3.7e-54	173.2	0	106	imgt	1	`DIVMTQSPSSLSASLGDTITITCHASQNINVWLSWYQQKPGNIPKLLIYKASKLHTGVPSRFSGSGSGTGFTLTISSLQPEDIATYYCQQGQSYPLTFGGGTKLEI`K	1,2,3,4,5,6,7,8,9,10,11,12,13,14,15,16,17,18,19,20,21,22,23,24,25,26,27,28,29,30,31,32,33,34,35,36,37,38,39,40,41,42,43,44,45,46,47,48,49,50,51,52,53,54,55,56,57,58,59,60,61,62,63,64,65,66,67,68,69,70,71,72,73,74,75,76,77,78,79,80,81,82,83,84,85,86,87,88,89,90,91,92,93,94,95,96,97,98,99,100,101,102,103,104,105,106,107,108,109,110,111,112,113,114,115,116,117,118,119,120,121,122,123,124,125,126,127	D,I,V,M,T,Q,S,P,S,S,L,S,A,S,L,G,D,T,I,T,I,T,C,H,A,S,Q,N,I,-,-,-,-,-,-,N,V,W,L,S,W,Y,Q,Q,K,P,G,N,I,P,K,L,L,I,Y,K,A,-,-,-,-,-,-,-,S,K,L,H,T,G,V,P,-,S,R,F,S,G,S,G,-,-,S,G,T,G,F,T,L,T,I,S,S,L,Q,P,E,D,I,A,T,Y,Y,C,Q,Q,G,Q,S,-,-,-,-,Y,P,L,T,F,G,G,G,T,K,L,E,I,K
Psanger_114483	Psanger	None	N355/1R	LC	1	100	1	Sanger	AGACATTGTGCTAACACAGTCTCCATCCTCCCTGGCTGTGTCAGCAGGGGAGAAGGTCACTATGAGCTGCAAATCCAGTCAGAGTCTGCTCCACAGTGAAACCCGAAAGAACTACTTGGCTTGGTACCAGCAGAAACCAGGGCAGTCTCCTAAACTGCTGATCTACTGGGCATCCACTAGGGAATCTGGGGTCCCTGATCGCTTCACAGGCAGTGGATCTGGGACAGATTTCACTCTCACCATCAGCAGTGTGCAGGCTGAGGACCTGGCAGTTTATTACTGCAAGCAATCTTTTAATCTGTACACGTTCGGAGGGGGGACCAAGCTGGAAATAAAAC		K	1.4e-59	190.6	0	111	imgt	1	`DIVLTQSPSSLAVSAGEKVTMSCKSSQSLLHSETRKNYLAWYQQKPGQSPKLLIYWASTRESGVPDRFTGSGSGTDFTLTISSVQAEDLAVYYCKQSFNLYTFGGGTKLEI`K	1,2,3,4,5,6,7,8,9,10,11,12,13,14,15,16,17,18,19,20,21,22,23,24,25,26,27,28,29,30,31,32,33,34,35,36,37,38,39,40,41,42,43,44,45,46,47,48,49,50,51,52,53,54,55,56,57,58,59,60,61,62,63,64,65,66,67,68,69,70,71,72,73,74,75,76,77,78,79,80,81,82,83,84,85,86,87,88,89,90,91,92,93,94,95,96,97,98,99,100,101,102,103,104,105,106,107,108,109,110,111,112,113,114,115,116,117,118,119,120,121,122,123,124,125,126,127	D,I,V,L,T,Q,S,P,S,S,L,A,V,S,A,G,E,K,V,T,M,S,C,K,S,S,Q,S,L,L,H,S,E,T,R,K,N,Y,L,A,W,Y,Q,Q,K,P,G,Q,S,P,K,L,L,I,Y,W,A,-,-,-,-,-,-,-,S,T,R,E,S,G,V,P,-,D,R,F,T,G,S,G,-,-,S,G,T,D,F,T,L,T,I,S,S,V,Q,A,E,D,L,A,V,Y,Y,C,K,Q,S,F,-,-,-,-,-,N,L,Y,T,F,G,G,G,T,K,L,E,I,K
Psanger_114499	Psanger	None	N356/23R	LC	1	100	1	Sanger	AGACATCCTGCTGACCCAGTCTCCATCCTCCCTGGCTGTGTCAGCAGGAGAGAAGGTCACTATGAGCTGCAAATCCAGTCAGAGTCTGCTCAACAGTAGAACCCGAAAGAACTACTTGGCTTGGTACCAGCAGAAACCAGGGCAGTCTCCTAAACTGCTGATCTACTGGGCATCCACTAGGGAATCTGGGGTCCCTGATCGCTTCACAGGCAGTGGATCTGGGACAGATTTCACTCTCATGATCAGCAGTGTGCAGGCTGAAGACCTGGCAGTTTATTACTGCAAGCAAGCTCATAATCTTCCGCTCACGTTCGGTGCTGGGACCAAGCTGGAGCTGAAAC		K	9.6e-58	184.7	0	112	imgt	1	`DILLTQSPSSLAVSAGEKVTMSCKSSQSLLNSRTRKNYLAWYQQKPGQSPKLLIYWASTRESGVPDRFTGSGSGTDFTLMISSVQAEDLAVYYCKQAHNLPLTFGAGTKLEL`K	1,2,3,4,5,6,7,8,9,10,11,12,13,14,15,16,17,18,19,20,21,22,23,24,25,26,27,28,29,30,31,32,33,34,35,36,37,38,39,40,41,42,43,44,45,46,47,48,49,50,51,52,53,54,55,56,57,58,59,60,61,62,63,64,65,66,67,68,69,70,71,72,73,74,75,76,77,78,79,80,81,82,83,84,85,86,87,88,89,90,91,92,93,94,95,96,97,98,99,100,101,102,103,104,105,106,107,108,109,110,111,112,113,114,115,116,117,118,119,120,121,122,123,124,125,126,127	D,I,L,L,T,Q,S,P,S,S,L,A,V,S,A,G,E,K,V,T,M,S,C,K,S,S,Q,S,L,L,N,S,R,T,R,K,N,Y,L,A,W,Y,Q,Q,K,P,G,Q,S,P,K,L,L,I,Y,W,A,-,-,-,-,-,-,-,S,T,R,E,S,G,V,P,-,D,R,F,T,G,S,G,-,-,S,G,T,D,F,T,L,M,I,S,S,V,Q,A,E,D,L,A,V,Y,Y,C,K,Q,A,H,N,-,-,-,-,L,P,L,T,F,G,A,G,T,K,L,E,L,K
Psanger_114495	Psanger	None	N359/28R	LC	1	100	1	Sanger	AGACATCTTGCTGACCCAATCTCCAGCTTCTTTGGCTGTGTCTCTAGGGCAGAGGGCCACCATCTCCTGCAAGGCCAGCCAAAGTGTTGATTATGATGGTGATAGTTATATGAACTGGTACCAACAGAAACCAGGACAGCCACCCAAACTCCTCATCTATGCTGCATCCAATCTAGAATCTGGGATCCCAGCCAGGTTTAGTGGCAGTGGGTCTGGGACAGACTTCACCCTCAACATCCATCCTGTGGAGGAGGAGGATGCTGCAACCTATTACTGTCAACAAAGTTATGAGGATCCGACGTTCGGTGGAGGCACCAAGCTGGAGATCAAAC 		K	1.7e-55	177.5	0	109	imgt	1	`DILLTQSPASLAVSLGQRATISCKASQSVDYDGDSYMNWYQQKPGQPPKLLIYAASNLESGIPARFSGSGSGTDFTLNIHPVEEEDAATYYCQQSYEDPTFGGGTKLEI`K	1,2,3,4,5,6,7,8,9,10,11,12,13,14,15,16,17,18,19,20,21,22,23,24,25,26,27,28,29,30,31,32,33,34,35,36,37,38,39,40,41,42,43,44,45,46,47,48,49,50,51,52,53,54,55,56,57,58,59,60,61,62,63,64,65,66,67,68,69,70,71,72,73,74,75,76,77,78,79,80,81,82,83,84,85,86,87,88,89,90,91,92,93,94,95,96,97,98,99,100,101,102,103,104,105,106,107,108,109,110,111,112,113,114,115,116,117,118,119,120,121,122,123,124,125,126,127	D,I,L,L,T,Q,S,P,A,S,L,A,V,S,L,G,Q,R,A,T,I,S,C,K,A,S,Q,S,V,D,Y,-,-,D,G,D,S,Y,M,N,W,Y,Q,Q,K,P,G,Q,P,P,K,L,L,I,Y,A,A,-,-,-,-,-,-,-,S,N,L,E,S,G,I,P,-,A,R,F,S,G,S,G,-,-,S,G,T,D,F,T,L,N,I,H,P,V,E,E,E,D,A,A,T,Y,Y,C,Q,Q,S,Y,-,-,-,-,-,E,D,P,T,F,G,G,G,T,K,L,E,I,K
Psanger_114479	Psanger	None	N388A/10R	LC	1	100	1	Sanger	AGACATCTTGCTGACTCAGTCTCCAGCAATCATGTCTGCATCTCCAGGGGAGAAGGTCACCATGACCTGCAGTGCCAGCTCAAGTGTAAGTTACATGCACTGGTACCAGCAGAAGTCAGGCACCTCCCCCAAAAGATGGATTTATGACACATCCAAACTGGCTTCTGGAGTCCCTGCTCGCTTCAGTGGCAGTGGGTCTGGGACCTCTTACTCTCTCACAATCAGCAGCATGGAGGCTGAAGATGCTGCCACTTATTACTGCCAGCAGTGGAGTAGTAATCCCCTCACGTTCGGTACTGGGACCAAGCTGGAGCTGAAAC		K	2.2e-53	170.7	0	105	imgt	1	`DILLTQSPAIMSASPGEKVTMTCSASSSVSYMHWYQQKSGTSPKRWIYDTSKLASGVPARFSGSGSGTSYSLTISSMEAEDAATYYCQQWSSNPLTFGTGTKLEL`K	1,2,3,4,5,6,7,8,9,10,11,12,13,14,15,16,17,18,19,20,21,22,23,24,25,26,27,28,29,30,31,32,33,34,35,36,37,38,39,40,41,42,43,44,45,46,47,48,49,50,51,52,53,54,55,56,57,58,59,60,61,62,63,64,65,66,67,68,69,70,71,72,73,74,75,76,77,78,79,80,81,82,83,84,85,86,87,88,89,90,91,92,93,94,95,96,97,98,99,100,101,102,103,104,105,106,107,108,109,110,111,112,113,114,115,116,117,118,119,120,121,122,123,124,125,126,127	D,I,L,L,T,Q,S,P,A,I,M,S,A,S,P,G,E,K,V,T,M,T,C,S,A,S,S,S,V,-,-,-,-,-,-,-,S,Y,M,H,W,Y,Q,Q,K,S,G,T,S,P,K,R,W,I,Y,D,T,-,-,-,-,-,-,-,S,K,L,A,S,G,V,P,-,A,R,F,S,G,S,G,-,-,S,G,T,S,Y,S,L,T,I,S,S,M,E,A,E,D,A,A,T,Y,Y,C,Q,Q,W,S,S,-,-,-,-,N,P,L,T,F,G,T,G,T,K,L,E,L,K
Psanger_128640	Psanger	None	N388A/60R	LC	1	100	1	Sanger	ATGGAGTTTCAGACCCAGGTACTCATGTCCCTGCTGCTCTGCATGTCTGGTGCGGCCGCAGACATCCAGATAACCCAAATTCCACTCTCCCTGCCTGTCAGTCTTGGAGATCAAGCCTCCATCTCTTGCAGATCTAGTCAGAGCATTGTACATAGTAATGGAAACACCTATTTAGAATGGTACCTGCAGAAACCAGGCCAGTCTCCACAGCTCCTGATCTACAAAGTTTCCAACCGATTTTCTGGGGTCCCAGACAGGTTCAGTGGCAGTGGATCAGGGACAGATTTCACACTCAAGATCAGCAGAGTGGAGGCTGAGGATCTGGGAGTTTATTACTGCTTTCAAGGTTCACATGTTCCTCCCACGTTCGGTGCTGGGACCAAGCTGGAGCTGAAACGGGCT		K	2e-55	177.2	20	131	imgt	0	MEFQTQVLMSLLLCMSGAAA`DIQITQIPLSLPVSLGDQASISCRSSQSIVHSNGNTYLEWYLQKPGQSPQLLIYKVSNRFSGVPDRFSGSGSGTDFTLKISRVEAEDLGVYYCFQGSHVPPTFGAGTKLEL`KRA	1,2,3,4,5,6,7,8,9,10,11,12,13,14,15,16,17,18,19,20,21,22,23,24,25,26,27,28,29,30,31,32,33,34,35,36,37,38,39,40,41,42,43,44,45,46,47,48,49,50,51,52,53,54,55,56,57,58,59,60,61,62,63,64,65,66,67,68,69,70,71,72,73,74,75,76,77,78,79,80,81,82,83,84,85,86,87,88,89,90,91,92,93,94,95,96,97,98,99,100,101,102,103,104,105,106,107,108,109,110,111,112,113,114,115,116,117,118,119,120,121,122,123,124,125,126,127	D,I,Q,I,T,Q,I,P,L,S,L,P,V,S,L,G,D,Q,A,S,I,S,C,R,S,S,Q,S,I,V,H,S,-,N,G,N,T,Y,L,E,W,Y,L,Q,K,P,G,Q,S,P,Q,L,L,I,Y,K,V,-,-,-,-,-,-,-,S,N,R,F,S,G,V,P,-,D,R,F,S,G,S,G,-,-,S,G,T,D,F,T,L,K,I,S,R,V,E,A,E,D,L,G,V,Y,Y,C,F,Q,G,S,H,-,-,-,-,V,P,P,T,F,G,A,G,T,K,L,E,L,K
Psanger_114478	Psanger	None	N413/67R	LC	1	100	1	Sanger	AGATATCCAGATGACCCAAACTCCACTCTCCCTGCCTGTCAGTCTTGGAGATCAAGCCTCCATCTCTTGCAGATCTAGTCAGAGCATTGTACATAGTAATGGAAACACCTATTTAGAATGGTACCTGCAGAAACCAGGCCAGTCTCCAAAGCTCCTGATCTACAAAGTTTCCAACCGATTTTCTGGGGTCCCAGACAGGTTCAGTGGCAGTGGATCAGGGACAGATTTCACACTCAAGATCAGCAGAGTGGAGGCTGAGGATCTGGGAGTTTATTACTGCTTTCAAGGTTCACATGTTCCGTGGACGTTCGGTGGAGGCACCAAGCTGGAAATCAAAC		K	2.4e-59	190.0	0	111	imgt	1	`DIQMTQTPLSLPVSLGDQASISCRSSQSIVHSNGNTYLEWYLQKPGQSPKLLIYKVSNRFSGVPDRFSGSGSGTDFTLKISRVEAEDLGVYYCFQGSHVPWTFGGGTKLEI`K	1,2,3,4,5,6,7,8,9,10,11,12,13,14,15,16,17,18,19,20,21,22,23,24,25,26,27,28,29,30,31,32,33,34,35,36,37,38,39,40,41,42,43,44,45,46,47,48,49,50,51,52,53,54,55,56,57,58,59,60,61,62,63,64,65,66,67,68,69,70,71,72,73,74,75,76,77,78,79,80,81,82,83,84,85,86,87,88,89,90,91,92,93,94,95,96,97,98,99,100,101,102,103,104,105,106,107,108,109,110,111,112,113,114,115,116,117,118,119,120,121,122,123,124,125,126,127	D,I,Q,M,T,Q,T,P,L,S,L,P,V,S,L,G,D,Q,A,S,I,S,C,R,S,S,Q,S,I,V,H,S,-,N,G,N,T,Y,L,E,W,Y,L,Q,K,P,G,Q,S,P,K,L,L,I,Y,K,V,-,-,-,-,-,-,-,S,N,R,F,S,G,V,P,-,D,R,F,S,G,S,G,-,-,S,G,T,D,F,T,L,K,I,S,R,V,E,A,E,D,L,G,V,Y,Y,C,F,Q,G,S,H,-,-,-,-,V,P,W,T,F,G,G,G,T,K,L,E,I,K
Psanger_114552	Psanger	None	N419/40R	LC	1	100	1	Sanger	ATGGAGTTTCAGACCCAGGTACTCATGTCCCTGCTGCTCTGCATGTCTGGTGCGGCCGCAGACATTGTGCTGACACAGACTACATCCTCCCTGTCTGCCTCTCTGGGAGACAGAGTCACCATCAGTTGCAGGGCAAGTCAGGACATTAGCAATTTTTTAAACTGGTATCAGCAGAAACCAGATGGAACTGTTAAACTCCTGATCTACTACACATCAAGATTACACTCAGGAGTCCCATCAAGGTTCAGTGGCAGTGGGTCTGGAACAGATTTTTCTCTCACCATTAGCAACCTGGACCAAGAAGATATTGCCACTTACTTTTGCCAACAGGGTAGTACGCTTCCTCGGACGTTCGGTGGAGGCACCAAGCTGGAAATCAAACGGGCT		K	9.4e-52	165.4	20	126	imgt	0	MEFQTQVLMSLLLCMSGAAA`DIVLTQTTSSLSASLGDRVTISCRASQDISNFLNWYQQKPDGTVKLLIYYTSRLHSGVPSRFSGSGSGTDFSLTISNLDQEDIATYFCQQGSTLPRTFGGGTKLEI`KRA	1,2,3,4,5,6,7,8,9,10,11,12,13,14,15,16,17,18,19,20,21,22,23,24,25,26,27,28,29,30,31,32,33,34,35,36,37,38,39,40,41,42,43,44,45,46,47,48,49,50,51,52,53,54,55,56,57,58,59,60,61,62,63,64,65,66,67,68,69,70,71,72,73,74,75,76,77,78,79,80,81,82,83,84,85,86,87,88,89,90,91,92,93,94,95,96,97,98,99,100,101,102,103,104,105,106,107,108,109,110,111,112,113,114,115,116,117,118,119,120,121,122,123,124,125,126,127	D,I,V,L,T,Q,T,T,S,S,L,S,A,S,L,G,D,R,V,T,I,S,C,R,A,S,Q,D,I,-,-,-,-,-,-,S,N,F,L,N,W,Y,Q,Q,K,P,D,G,T,V,K,L,L,I,Y,Y,T,-,-,-,-,-,-,-,S,R,L,H,S,G,V,P,-,S,R,F,S,G,S,G,-,-,S,G,T,D,F,S,L,T,I,S,N,L,D,Q,E,D,I,A,T,Y,F,C,Q,Q,G,S,T,-,-,-,-,L,P,R,T,F,G,G,G,T,K,L,E,I,K
Psanger_114553	Psanger	None	N419/78R	LC	1	100	1	Sanger	AGACATCCTGCTGACCCAATCTCCAGCTTCTTTGGCTGTGTCTCTAGGGCAGAGGGCCACCATCTCCTGCAAGGCCAGCCAAAGTGTTGATTATGATGGTGATAGTTATATGAACTGGTACCAACAGAAATCAGGACAGCCACCCAAATTCCTCATCTATGCTGCATCCAATCTAGAATCTGGGATCCCAGCCAGGTTTAGTGGCAGTGGGTCTGGGACAGACTTCACCCTCAACATCCATCCTGTGGAGGAGGAGGATGCTGCAACCTATTACTGTCAGCAAAGTATTGAGGATCCGTACACGTTCGGAGGGGGGACCAAGCTGGAAATAAAAC		K	6.3e-56	178.8	0	110	imgt	1	`DILLTQSPASLAVSLGQRATISCKASQSVDYDGDSYMNWYQQKSGQPPKFLIYAASNLESGIPARFSGSGSGTDFTLNIHPVEEEDAATYYCQQSIEDPYTFGGGTKLEI`K	1,2,3,4,5,6,7,8,9,10,11,12,13,14,15,16,17,18,19,20,21,22,23,24,25,26,27,28,29,30,31,32,33,34,35,36,37,38,39,40,41,42,43,44,45,46,47,48,49,50,51,52,53,54,55,56,57,58,59,60,61,62,63,64,65,66,67,68,69,70,71,72,73,74,75,76,77,78,79,80,81,82,83,84,85,86,87,88,89,90,91,92,93,94,95,96,97,98,99,100,101,102,103,104,105,106,107,108,109,110,111,112,113,114,115,116,117,118,119,120,121,122,123,124,125,126,127	D,I,L,L,T,Q,S,P,A,S,L,A,V,S,L,G,Q,R,A,T,I,S,C,K,A,S,Q,S,V,D,Y,-,-,D,G,D,S,Y,M,N,W,Y,Q,Q,K,S,G,Q,P,P,K,F,L,I,Y,A,A,-,-,-,-,-,-,-,S,N,L,E,S,G,I,P,-,A,R,F,S,G,S,G,-,-,S,G,T,D,F,T,L,N,I,H,P,V,E,E,E,D,A,A,T,Y,Y,C,Q,Q,S,I,E,-,-,-,-,D,P,Y,T,F,G,G,G,T,K,L,E,I,K
Psanger_114493	Psanger	None	N51/6.2R	LC	1	100	1	Sanger	AGACATCCAGCGACACAGTCTCCATCCTCCGTAGCTGTGTCAGTTGGAGAGAAGGTTACTATGAGCTGCAAGTCCAGTCAGAGCCTTTTATATAGTGGCAATCAAAAGAACGACTTGGCCTGGTACCAGCAGAAACCAGGGCAGTCTCCTAAACTGCTGATTTACTGGGCATCCACTAGGGAATCTGGGGTCCCTGATCGCTTCACAGGCAGTGGATCTGGGACAGATTTCATTCTCACCATCAGCAGTGGGAAGGCTGAAGACCTGGCAGTTTATTACTGGCAGCAATATTATAGCTATCCGTACACGTTCGGAGGGGGGACCAAGCTGGAAATAAAAC		K	1.5e-53	171.1	0	112	imgt	0	`RHPATQSPSSVAVSVGEKVTMSCKSSQSLLYSGNQKNDLAWYQQKPGQSPKLLIYWASTRESGVPDRFTGSGSGTDFILTISSGKAEDLAVYYWQQYYSYPYTFGGGTKLEI`K	1,2,3,4,5,6,7,8,9,10,11,12,13,14,15,16,17,18,19,20,21,22,23,24,25,26,27,28,29,30,31,32,33,34,35,36,37,38,39,40,41,42,43,44,45,46,47,48,49,50,51,52,53,54,55,56,57,58,59,60,61,62,63,64,65,66,67,68,69,70,71,72,73,74,75,76,77,78,79,80,81,82,83,84,85,86,87,88,89,90,91,92,93,94,95,96,97,98,99,100,101,102,103,104,105,106,107,108,109,110,111,112,113,114,115,116,117,118,119,120,121,122,123,124,125,126,127	R,H,P,A,T,Q,S,P,S,S,V,A,V,S,V,G,E,K,V,T,M,S,C,K,S,S,Q,S,L,L,Y,S,G,N,Q,K,N,D,L,A,W,Y,Q,Q,K,P,G,Q,S,P,K,L,L,I,Y,W,A,-,-,-,-,-,-,-,S,T,R,E,S,G,V,P,-,D,R,F,T,G,S,G,-,-,S,G,T,D,F,I,L,T,I,S,S,G,K,A,E,D,L,A,V,Y,Y,W,Q,Q,Y,Y,S,-,-,-,-,Y,P,Y,T,F,G,G,G,T,K,L,E,I,K
Psanger_114548	Psanger	None	N52A/42.1R	LC	1	100	1	Sanger	ATGGAGTTTCAGACCCAGGTACTCATGTCCCTGCTGCTCTGCATGTCTGGTGCGGCCGCAGACATTGTGATGACACAGTCTCCATCCTCCTTATCTGCCTCTCTGGGAGAAAGAGTCAGTCTCACTTGTCGGGCAAGTCAGGAAATTAGTGGTTACTTAAGCTGGATTCAGCAGAAACCAGATGGAGCTATTAAACGCCTGATCTACGCCGCATCCACTTTAGATTCTGGTGTCCCGAAAAGGTTCAGTGGCAGTAGGTCTGGGTCAGATTATTCTCTCACCATCAGCAGCCTTGAGTCTGAAGATTTTGCAGACTATTACTGTCTACAATATGCTATTTATCCTCGGACGTTCGGTGGAGGCACCAAGCTGGAAATCAAACGGGCT		K	4e-50	160.2	20	126	imgt	0	MEFQTQVLMSLLLCMSGAAA`DIVMTQSPSSLSASLGERVSLTCRASQEISGYLSWIQQKPDGAIKRLIYAASTLDSGVPKRFSGSRSGSDYSLTISSLESEDFADYYCLQYAIYPRTFGGGTKLEI`KRA	1,2,3,4,5,6,7,8,9,10,11,12,13,14,15,16,17,18,19,20,21,22,23,24,25,26,27,28,29,30,31,32,33,34,35,36,37,38,39,40,41,42,43,44,45,46,47,48,49,50,51,52,53,54,55,56,57,58,59,60,61,62,63,64,65,66,67,68,69,70,71,72,73,74,75,76,77,78,79,80,81,82,83,84,85,86,87,88,89,90,91,92,93,94,95,96,97,98,99,100,101,102,103,104,105,106,107,108,109,110,111,112,113,114,115,116,117,118,119,120,121,122,123,124,125,126,127	D,I,V,M,T,Q,S,P,S,S,L,S,A,S,L,G,E,R,V,S,L,T,C,R,A,S,Q,E,I,-,-,-,-,-,-,S,G,Y,L,S,W,I,Q,Q,K,P,D,G,A,I,K,R,L,I,Y,A,A,-,-,-,-,-,-,-,S,T,L,D,S,G,V,P,-,K,R,F,S,G,S,R,-,-,S,G,S,D,Y,S,L,T,I,S,S,L,E,S,E,D,F,A,D,Y,Y,C,L,Q,Y,A,I,-,-,-,-,Y,P,R,T,F,G,G,G,T,K,L,E,I,K
Psanger_114508	Psanger	None	N59/36.1R	LC	1	100	1	Sanger	AGATATCCAGATGACCCAGACTCCACTCACTTTGTCGGTTACCATTGGACAACCAGCCTCCATCTCTTGCAAGTCAAGTCAGAGCCTCTTAGATAGTTATGGAAAGACATATTTGAATTGGTTGTTACAGAGGCCAGGCCAGTCTCCAAAGCGCCTAATCTATCTGGTGTCTAAACTGGACTCTGGAGTCCCTGACAGGTTCACTGGCAGTGGATCAGGGACAGATTTCACACTGAAAATCAGCAGAGTGGAGGCTGAGGATTTGGGAGTTTATTATTGCTGGCAAGGTACACATTTTCCTCACACGTTCGGAGGGGGGACCAAGCTGGAAATAAAAC		K	2.5e-53	170.5	0	111	imgt	1	`DIQMTQTPLTLSVTIGQPASISCKSSQSLLDSYGKTYLNWLLQRPGQSPKRLIYLVSKLDSGVPDRFTGSGSGTDFTLKISRVEAEDLGVYYCWQGTHFPHTFGGGTKLEI`K	1,2,3,4,5,6,7,8,9,10,11,12,13,14,15,16,17,18,19,20,21,22,23,24,25,26,27,28,29,30,31,32,33,34,35,36,37,38,39,40,41,42,43,44,45,46,47,48,49,50,51,52,53,54,55,56,57,58,59,60,61,62,63,64,65,66,67,68,69,70,71,72,73,74,75,76,77,78,79,80,81,82,83,84,85,86,87,88,89,90,91,92,93,94,95,96,97,98,99,100,101,102,103,104,105,106,107,108,109,110,111,112,113,114,115,116,117,118,119,120,121,122,123,124,125,126,127	D,I,Q,M,T,Q,T,P,L,T,L,S,V,T,I,G,Q,P,A,S,I,S,C,K,S,S,Q,S,L,L,D,S,-,Y,G,K,T,Y,L,N,W,L,L,Q,R,P,G,Q,S,P,K,R,L,I,Y,L,V,-,-,-,-,-,-,-,S,K,L,D,S,G,V,P,-,D,R,F,T,G,S,G,-,-,S,G,T,D,F,T,L,K,I,S,R,V,E,A,E,D,L,G,V,Y,Y,C,W,Q,G,T,H,-,-,-,-,F,P,H,T,F,G,G,G,T,K,L,E,I,K
Psanger_114497	Psanger	None	N7/18.1R	LC	1	100	1	Sanger	AGATATTGTGATAACCCAGACTCCACTCACTTTGTCGGTTACCATTGGACAACCAGCCTCCATCTCTTGCAAGTCAAGTCAGAGCCTCTTACATAGTGGTGGAGAGACGTATTTGAATTGGTTGTTTCAGAGGCCAGGCCAGTCTCCAAAGCGCCTAATCTATCTAGTGTCTAAGCTGGACTCTGGAGTCCCTGACAGGTTCACTGGCAGTGGATCAGGGACAGATTTCACACTGAAAATCAGCAGAGTGGAGGCTGAGGATTTGGGAGTTTATTATTGCTGGCAAGGTACACATTTTCCGCTCACGTTCGGTGCTGGGACCAAGCTGGAGCTGAAAC		K	1.3e-52	168.2	0	111	imgt	1	`DIVITQTPLTLSVTIGQPASISCKSSQSLLHSGGETYLNWLFQRPGQSPKRLIYLVSKLDSGVPDRFTGSGSGTDFTLKISRVEAEDLGVYYCWQGTHFPLTFGAGTKLEL`K	1,2,3,4,5,6,7,8,9,10,11,12,13,14,15,16,17,18,19,20,21,22,23,24,25,26,27,28,29,30,31,32,33,34,35,36,37,38,39,40,41,42,43,44,45,46,47,48,49,50,51,52,53,54,55,56,57,58,59,60,61,62,63,64,65,66,67,68,69,70,71,72,73,74,75,76,77,78,79,80,81,82,83,84,85,86,87,88,89,90,91,92,93,94,95,96,97,98,99,100,101,102,103,104,105,106,107,108,109,110,111,112,113,114,115,116,117,118,119,120,121,122,123,124,125,126,127	D,I,V,I,T,Q,T,P,L,T,L,S,V,T,I,G,Q,P,A,S,I,S,C,K,S,S,Q,S,L,L,H,S,-,G,G,E,T,Y,L,N,W,L,F,Q,R,P,G,Q,S,P,K,R,L,I,Y,L,V,-,-,-,-,-,-,-,S,K,L,D,S,G,V,P,-,D,R,F,T,G,S,G,-,-,S,G,T,D,F,T,L,K,I,S,R,V,E,A,E,D,L,G,V,Y,Y,C,W,Q,G,T,H,-,-,-,-,F,P,L,T,F,G,A,G,T,K,L,E,L,K
Psanger_114512	Psanger	None	N70/28R	LC	1	100	1	Sanger	ATGGAGTTTCAGACCCAGGTACTCATGTCCCTGCTGCTCTGCATGTCTGGTGCGGCCGCAGATATTGTGATGACCCAAACTCCACTCTCCCTGCCTGTCAGTCTTGGAGATCAAGCCTCCATCTCTTGCAGATCTAGTCAGAGCATTGTACATAGTAATGGAAACACCTTTTTAGAATGGTACCTGCAGAAACCAGGCCAGTCTCCAAAGCTCCTGATCTACAAAGTTTCCAACCGATTTTCTGGGGTCCCAGACAGGTTCAGTGGCAGTGGATCAGGGACAGATTTCACACTCAAGATCAGTAGAGTGGAGGCTGAGGATCTGGGAGTTTATTACTGCTTTCAAGGTTCACATGTTCCGTACACGTTCGGAGGGGGGACCAAGCTGGAAATAAAACGGGCT		K	9.8e-58	184.6	20	131	imgt	0	MEFQTQVLMSLLLCMSGAAA`DIVMTQTPLSLPVSLGDQASISCRSSQSIVHSNGNTFLEWYLQKPGQSPKLLIYKVSNRFSGVPDRFSGSGSGTDFTLKISRVEAEDLGVYYCFQGSHVPYTFGGGTKLEI`KRA	1,2,3,4,5,6,7,8,9,10,11,12,13,14,15,16,17,18,19,20,21,22,23,24,25,26,27,28,29,30,31,32,33,34,35,36,37,38,39,40,41,42,43,44,45,46,47,48,49,50,51,52,53,54,55,56,57,58,59,60,61,62,63,64,65,66,67,68,69,70,71,72,73,74,75,76,77,78,79,80,81,82,83,84,85,86,87,88,89,90,91,92,93,94,95,96,97,98,99,100,101,102,103,104,105,106,107,108,109,110,111,112,113,114,115,116,117,118,119,120,121,122,123,124,125,126,127	D,I,V,M,T,Q,T,P,L,S,L,P,V,S,L,G,D,Q,A,S,I,S,C,R,S,S,Q,S,I,V,H,S,-,N,G,N,T,F,L,E,W,Y,L,Q,K,P,G,Q,S,P,K,L,L,I,Y,K,V,-,-,-,-,-,-,-,S,N,R,F,S,G,V,P,-,D,R,F,S,G,S,G,-,-,S,G,T,D,F,T,L,K,I,S,R,V,E,A,E,D,L,G,V,Y,Y,C,F,Q,G,S,H,-,-,-,-,V,P,Y,T,F,G,G,G,T,K,L,E,I,K
Psanger_114559	Psanger	None	N76/3R	LC	1	100	1	Sanger	AGACATCCTGATGACTCAGACTCCACTCACTTTGTCGGTTACCATTGGACAACCAGCCTCCATCTCTTGCAAGTCAAGTCAGAGCCTCTTAGCTAATGATGGAAAGACATTTTTGAATTGGTTGTTACAGAGGCCAGGCCAGTCTCCAATGCGCCTAATCTATCTGGTGTCTAAACTGGACTCTGGAGTCCCTGACAGGTTCACTGGCAGTGGATCAGGGACAGATTTCACACTGAAAATCAGCAGAGTGGAGGCTGAGGATTTGGGAGTTTATTATTGTTGGCAAGGTACACATTTTCCGTGGACGTTCGGTGGAGGCACCAAGCTGGAAATCAAAC		K	1.2e-52	168.3	0	111	imgt	1	`DILMTQTPLTLSVTIGQPASISCKSSQSLLANDGKTFLNWLLQRPGQSPMRLIYLVSKLDSGVPDRFTGSGSGTDFTLKISRVEAEDLGVYYCWQGTHFPWTFGGGTKLEI`K	1,2,3,4,5,6,7,8,9,10,11,12,13,14,15,16,17,18,19,20,21,22,23,24,25,26,27,28,29,30,31,32,33,34,35,36,37,38,39,40,41,42,43,44,45,46,47,48,49,50,51,52,53,54,55,56,57,58,59,60,61,62,63,64,65,66,67,68,69,70,71,72,73,74,75,76,77,78,79,80,81,82,83,84,85,86,87,88,89,90,91,92,93,94,95,96,97,98,99,100,101,102,103,104,105,106,107,108,109,110,111,112,113,114,115,116,117,118,119,120,121,122,123,124,125,126,127	D,I,L,M,T,Q,T,P,L,T,L,S,V,T,I,G,Q,P,A,S,I,S,C,K,S,S,Q,S,L,L,A,N,-,D,G,K,T,F,L,N,W,L,L,Q,R,P,G,Q,S,P,M,R,L,I,Y,L,V,-,-,-,-,-,-,-,S,K,L,D,S,G,V,P,-,D,R,F,T,G,S,G,-,-,S,G,T,D,F,T,L,K,I,S,R,V,E,A,E,D,L,G,V,Y,Y,C,W,Q,G,T,H,-,-,-,-,F,P,W,T,F,G,G,G,T,K,L,E,I,K
Psanger_128641	Psanger	None	N76/8R	LC	1	100	1	Sanger	ATGGAGTTTCAGACCCAGGTACTCATGTCCCTGCTGCTCTGCATGTCTGGTGCGGCCGCAGACATTGTGCTGACCCAGTCTCCAGCATTCATGTCTGCATCTCCAGGGGAGAAGGTCACCATGACCTGCAGTGCCAGCTCAAGTGTAAGTTACATGCACTGGTACCAGCAGAAGTCAGGCACCTCCCCCAAAAGATGGATTTATGACACATCCAAACTGTCTTCTGGAGTCCCTACTCGCTTCAATGGCAGTGGGTCTGGGACCTCTTACTCTCTCACAATCAGCAGCATGGAGGCTGAGGATGCTGCCACTTATTACTGCCAGCAGTGGAGTAGTAGTCCGTACACGTTCGGAGGGGGGACCAAGCTGGAAATAAAACGGGCT		K	1.4e-53	171.3	20	125	imgt	0	MEFQTQVLMSLLLCMSGAAA`DIVLTQSPAFMSASPGEKVTMTCSASSSVSYMHWYQQKSGTSPKRWIYDTSKLSSGVPTRFNGSGSGTSYSLTISSMEAEDAATYYCQQWSSSPYTFGGGTKLEI`KRA	1,2,3,4,5,6,7,8,9,10,11,12,13,14,15,16,17,18,19,20,21,22,23,24,25,26,27,28,29,30,31,32,33,34,35,36,37,38,39,40,41,42,43,44,45,46,47,48,49,50,51,52,53,54,55,56,57,58,59,60,61,62,63,64,65,66,67,68,69,70,71,72,73,74,75,76,77,78,79,80,81,82,83,84,85,86,87,88,89,90,91,92,93,94,95,96,97,98,99,100,101,102,103,104,105,106,107,108,109,110,111,112,113,114,115,116,117,118,119,120,121,122,123,124,125,126,127	D,I,V,L,T,Q,S,P,A,F,M,S,A,S,P,G,E,K,V,T,M,T,C,S,A,S,S,S,V,-,-,-,-,-,-,-,S,Y,M,H,W,Y,Q,Q,K,S,G,T,S,P,K,R,W,I,Y,D,T,-,-,-,-,-,-,-,S,K,L,S,S,G,V,P,-,T,R,F,N,G,S,G,-,-,S,G,T,S,Y,S,L,T,I,S,S,M,E,A,E,D,A,A,T,Y,Y,C,Q,Q,W,S,S,-,-,-,-,S,P,Y,T,F,G,G,G,T,K,L,E,I,K
Psanger_114544	Psanger	None	N81/37.1R	LC	1	100	1	Sanger	GAAAATGTGTTGACCCAGACTCCACTCACTTTGTCGGTTAGCATTGGACAACCAGCCTCCATCTCTTGCAAGTCAAGTCAGAGCCTCTTAGATAGTGCTGGAAAGACATTTTTGAATTGGTTGTTTCAGAGGCCAGGCCAGTCTCCTAAGCGCCTAATCTATCTGGTATCTAAACTGGACTCTGGAGTCCCTGACAGGTTCACTGGCAGTGGCTCAGGGACAGTTTTCACACTGAAGATCAGCAGAGTGGAGGCTGAGGATTTGGGAGTTTATTATTGCTGGCAAGGTACACATTTTCCGTGGACGTTCGGTGGAGGCACCAAGCTGGAAATCAAACG		K	1.7e-50	161.4	0	111	imgt	0	`ENVLTQTPLTLSVSIGQPASISCKSSQSLLDSAGKTFLNWLFQRPGQSPKRLIYLVSKLDSGVPDRFTGSGSGTVFTLKISRVEAEDLGVYYCWQGTHFPWTFGGGTKLEI`KR	1,2,3,4,5,6,7,8,9,10,11,12,13,14,15,16,17,18,19,20,21,22,23,24,25,26,27,28,29,30,31,32,33,34,35,36,37,38,39,40,41,42,43,44,45,46,47,48,49,50,51,52,53,54,55,56,57,58,59,60,61,62,63,64,65,66,67,68,69,70,71,72,73,74,75,76,77,78,79,80,81,82,83,84,85,86,87,88,89,90,91,92,93,94,95,96,97,98,99,100,101,102,103,104,105,106,107,108,109,110,111,112,113,114,115,116,117,118,119,120,121,122,123,124,125,126,127	E,N,V,L,T,Q,T,P,L,T,L,S,V,S,I,G,Q,P,A,S,I,S,C,K,S,S,Q,S,L,L,D,S,-,A,G,K,T,F,L,N,W,L,F,Q,R,P,G,Q,S,P,K,R,L,I,Y,L,V,-,-,-,-,-,-,-,S,K,L,D,S,G,V,P,-,D,R,F,T,G,S,G,-,-,S,G,T,V,F,T,L,K,I,S,R,V,E,A,E,D,L,G,V,Y,Y,C,W,Q,G,T,H,-,-,-,-,F,P,W,T,F,G,G,G,T,K,L,E,I,K
Psanger_140079	Psanger	None	N83/48R	LC	1	100	1	Sanger	ATGGAGTTTCAGACCCAGGTACTCATGTCCCTGCTGCTCTGCATGTCTGGTGCGGCCGCAGACATCCAGCTGACCCAAACTCCACTCTCCCTGCCTGTCAGTCTTGGAGATCAAGCCTCCATCTCTTGCAGATCTAGTCAGAGCCTTGTACACAGTAATGGAAACACCTATTTACATTGGTACCTGCAGAAGCCAGGCCAGTCTCCAAAGCTCCTGATCTACAAAGTTTCCAACCGATTTTCTGGGGTCCCAGACAGGTTCAGTGGCAGTGAATCAGGGACAGATTTCACACTCAAGATCAGCAGAGTGGAGGCTGAGGATCTGGGAGTTTATTTCTGCTCTCAAAGTACACATGTTCCGTGGACGTTCGGTGGAGGCACCAAGCTGGAAATCAAACGGGCT		K	3.2e-57	183.1	20	131	imgt	0	MEFQTQVLMSLLLCMSGAAA`DIQLTQTPLSLPVSLGDQASISCRSSQSLVHSNGNTYLHWYLQKPGQSPKLLIYKVSNRFSGVPDRFSGSESGTDFTLKISRVEAEDLGVYFCSQSTHVPWTFGGGTKLEI`KRA	1,2,3,4,5,6,7,8,9,10,11,12,13,14,15,16,17,18,19,20,21,22,23,24,25,26,27,28,29,30,31,32,33,34,35,36,37,38,39,40,41,42,43,44,45,46,47,48,49,50,51,52,53,54,55,56,57,58,59,60,61,62,63,64,65,66,67,68,69,70,71,72,73,74,75,76,77,78,79,80,81,82,83,84,85,86,87,88,89,90,91,92,93,94,95,96,97,98,99,100,101,102,103,104,105,106,107,108,109,110,111,112,113,114,115,116,117,118,119,120,121,122,123,124,125,126,127	D,I,Q,L,T,Q,T,P,L,S,L,P,V,S,L,G,D,Q,A,S,I,S,C,R,S,S,Q,S,L,V,H,S,-,N,G,N,T,Y,L,H,W,Y,L,Q,K,P,G,Q,S,P,K,L,L,I,Y,K,V,-,-,-,-,-,-,-,S,N,R,F,S,G,V,P,-,D,R,F,S,G,S,E,-,-,S,G,T,D,F,T,L,K,I,S,R,V,E,A,E,D,L,G,V,Y,F,C,S,Q,S,T,H,-,-,-,-,V,P,W,T,F,G,G,G,T,K,L,E,I,K
Psanger_114533	Psanger	None	N84/37.1R	LC	1	100	1	Sanger	ATGGAGTTTCAGACCCAGGTACTCATGTCCCTGCTGCTCTGCATGTCTGGTGCGGCCGCAGACATTGTGATGACTCAGTCTCCATCCTCCCTAGCTGTGTCAGTTGGAGAGAAGGTTACTATGAGCTGCAAGTCCAGTCAGAGCCTTTTATATAGTAGCAATCAAAAGAACTACTTGGCCTGGAACCAGCAGAAACCAGGGCAGTCTCCTAAACTGCTGATTTACTGGGCATCCACTAGGGAATCTGGGGTCCCTGATCGCTTCACAGGCAGTGGATCTGGGACAGATTTCACTCTCACCATCAGCAGTGTGAAGGCTGAAGACCTGGCAGTTTATTACTGTCAGCAATATTATAACTATCCGGTCACGTTCGGTGCTGGGACCAAGCTGGAGCTGAAACGGGCT		K	3.4e-58	186.2	20	132	imgt	0	MEFQTQVLMSLLLCMSGAAA`DIVMTQSPSSLAVSVGEKVTMSCKSSQSLLYSSNQKNYLAWNQQKPGQSPKLLIYWASTRESGVPDRFTGSGSGTDFTLTISSVKAEDLAVYYCQQYYNYPVTFGAGTKLEL`KRA	1,2,3,4,5,6,7,8,9,10,11,12,13,14,15,16,17,18,19,20,21,22,23,24,25,26,27,28,29,30,31,32,33,34,35,36,37,38,39,40,41,42,43,44,45,46,47,48,49,50,51,52,53,54,55,56,57,58,59,60,61,62,63,64,65,66,67,68,69,70,71,72,73,74,75,76,77,78,79,80,81,82,83,84,85,86,87,88,89,90,91,92,93,94,95,96,97,98,99,100,101,102,103,104,105,106,107,108,109,110,111,112,113,114,115,116,117,118,119,120,121,122,123,124,125,126,127	D,I,V,M,T,Q,S,P,S,S,L,A,V,S,V,G,E,K,V,T,M,S,C,K,S,S,Q,S,L,L,Y,S,S,N,Q,K,N,Y,L,A,W,N,Q,Q,K,P,G,Q,S,P,K,L,L,I,Y,W,A,-,-,-,-,-,-,-,S,T,R,E,S,G,V,P,-,D,R,F,T,G,S,G,-,-,S,G,T,D,F,T,L,T,I,S,S,V,K,A,E,D,L,A,V,Y,Y,C,Q,Q,Y,Y,N,-,-,-,-,Y,P,V,T,F,G,A,G,T,K,L,E,L,K
Psanger_114513	Psanger	None	N85/18.1R	LC	1	100	1	Sanger	AGAATCCAGATGACCCAAACTCCACTCTCCCTGCCTGTCAGTCTTGGAGATCAAGCCTCCATCTCTTGCAGATCTAGTCAGACCATTGTACATAGTGATGGAAACACCTATTTAGAATGGTACCTGCAGAAACCAGGCCAGTCTCCAAAGCTCCTGATCTACAAAGTTTCCAACCGATTTTCTGGGGTCCCAGACAGGTTCAGTGGCAGTGGATCAGGGACAGATTTCACACTCAAGATCAGAAGAGTGGAGGCTGAGGATCTGGGAGTTTATTACTGCTTTCAAGGTTCACATGTTCCTCCGACGTTCGGTGGAGGCACCAAGCTGGAAATCAAAC		K	4.7e-56	179.2	0	111	imgt	0	`RIQMTQTPLSLPVSLGDQASISCRSSQTIVHSDGNTYLEWYLQKPGQSPKLLIYKVSNRFSGVPDRFSGSGSGTDFTLKIRRVEAEDLGVYYCFQGSHVPPTFGGGTKLEI`K	1,2,3,4,5,6,7,8,9,10,11,12,13,14,15,16,17,18,19,20,21,22,23,24,25,26,27,28,29,30,31,32,33,34,35,36,37,38,39,40,41,42,43,44,45,46,47,48,49,50,51,52,53,54,55,56,57,58,59,60,61,62,63,64,65,66,67,68,69,70,71,72,73,74,75,76,77,78,79,80,81,82,83,84,85,86,87,88,89,90,91,92,93,94,95,96,97,98,99,100,101,102,103,104,105,106,107,108,109,110,111,112,113,114,115,116,117,118,119,120,121,122,123,124,125,126,127	R,I,Q,M,T,Q,T,P,L,S,L,P,V,S,L,G,D,Q,A,S,I,S,C,R,S,S,Q,T,I,V,H,S,-,D,G,N,T,Y,L,E,W,Y,L,Q,K,P,G,Q,S,P,K,L,L,I,Y,K,V,-,-,-,-,-,-,-,S,N,R,F,S,G,V,P,-,D,R,F,S,G,S,G,-,-,S,G,T,D,F,T,L,K,I,R,R,V,E,A,E,D,L,G,V,Y,Y,C,F,Q,G,S,H,-,-,-,-,V,P,P,T,F,G,G,G,T,K,L,E,I,K
Psanger_114492	Psanger	None	N86/38.1R	LC	1	100	1	Sanger	ATGGAGTTTCAGACCCAGGTACTCATGTCCCTGCTGCTCTGCATGTCTGGTGCGGCCGCAGACATCCAGCTGACCCAGTCTCCAGCAATCATGTCTCCATCTCTAGGGGAACGGGTCACCATGACCTGCACTGCCAGCTCAAGTGTAGGTTCCAGTTACTTGCACTGGTTCCAGCAGAAGCCAGGATCCTCCCCCAAACTCTGGATTTATAGCACATCCAACCTGGCTTCTGGAGTCCCAGCTCGCTTCAGTGGCAGTGGGTCTGGGACCTCTTACTCTCTCACAATCAGCAGGATGGAGGCTGAAGATGCTGCCACTTATTACTGCCACCAGTATCATCGTACCCCGTACACGTTCGGAGGGGGGACCAAGCTGGAAATAAAACGGGCT		K	1.6e-55	177.6	20	127	imgt	0	MEFQTQVLMSLLLCMSGAAA`DIQLTQSPAIMSPSLGERVTMTCTASSSVGSSYLHWFQQKPGSSPKLWIYSTSNLASGVPARFSGSGSGTSYSLTISRMEAEDAATYYCHQYHRTPYTFGGGTKLEI`KRA	1,2,3,4,5,6,7,8,9,10,11,12,13,14,15,16,17,18,19,20,21,22,23,24,25,26,27,28,29,30,31,32,33,34,35,36,37,38,39,40,41,42,43,44,45,46,47,48,49,50,51,52,53,54,55,56,57,58,59,60,61,62,63,64,65,66,67,68,69,70,71,72,73,74,75,76,77,78,79,80,81,82,83,84,85,86,87,88,89,90,91,92,93,94,95,96,97,98,99,100,101,102,103,104,105,106,107,108,109,110,111,112,113,114,115,116,117,118,119,120,121,122,123,124,125,126,127	D,I,Q,L,T,Q,S,P,A,I,M,S,P,S,L,G,E,R,V,T,M,T,C,T,A,S,S,S,V,G,-,-,-,-,-,S,S,Y,L,H,W,F,Q,Q,K,P,G,S,S,P,K,L,W,I,Y,S,T,-,-,-,-,-,-,-,S,N,L,A,S,G,V,P,-,A,R,F,S,G,S,G,-,-,S,G,T,S,Y,S,L,T,I,S,R,M,E,A,E,D,A,A,T,Y,Y,C,H,Q,Y,H,R,-,-,-,-,T,P,Y,T,F,G,G,G,T,K,L,E,I,K
Psanger_114539	Psanger	None	N88/12.1R	LC	1	100	1	Sanger	AGAATCCAGCTGACCCAAACTCCACTCTCCCTGCCTGTCAGTCTTGGAGATCAAGCCTCCATCTCTTGCAGATCTAGTCAGAGCCTTGTACACAGTAATGGAAACACCTATTTACATTGGTACCTGCAGAAGCCAGGCCAGTCTCCAAAGCTCCTGATCAACAAAGTTTCCAACCGATTTTCTGGGGTCCCAGACAGGTTCAGTGGCAGTGGATCAGGGACAGATTTCACACTCAAGATCAGCAGAGTGGAGGCTGAGGATCTGGGAGTTTATTTCTGCTCTCAAAGTACACATGTTCCGCTCACGTTCGGTGCTGGGACCAAGCTGGAGCTGAAACG		K	4e-56	179.4	0	111	imgt	0	`RIQLTQTPLSLPVSLGDQASISCRSSQSLVHSNGNTYLHWYLQKPGQSPKLLINKVSNRFSGVPDRFSGSGSGTDFTLKISRVEAEDLGVYFCSQSTHVPLTFGAGTKLEL`KR	1,2,3,4,5,6,7,8,9,10,11,12,13,14,15,16,17,18,19,20,21,22,23,24,25,26,27,28,29,30,31,32,33,34,35,36,37,38,39,40,41,42,43,44,45,46,47,48,49,50,51,52,53,54,55,56,57,58,59,60,61,62,63,64,65,66,67,68,69,70,71,72,73,74,75,76,77,78,79,80,81,82,83,84,85,86,87,88,89,90,91,92,93,94,95,96,97,98,99,100,101,102,103,104,105,106,107,108,109,110,111,112,113,114,115,116,117,118,119,120,121,122,123,124,125,126,127	R,I,Q,L,T,Q,T,P,L,S,L,P,V,S,L,G,D,Q,A,S,I,S,C,R,S,S,Q,S,L,V,H,S,-,N,G,N,T,Y,L,H,W,Y,L,Q,K,P,G,Q,S,P,K,L,L,I,N,K,V,-,-,-,-,-,-,-,S,N,R,F,S,G,V,P,-,D,R,F,S,G,S,G,-,-,S,G,T,D,F,T,L,K,I,S,R,V,E,A,E,D,L,G,V,Y,F,C,S,Q,S,T,H,-,-,-,-,V,P,L,T,F,G,A,G,T,K,L,E,L,K
Psanger_114525	Psanger	None	N91/27.1R	LC	1	100	1	Sanger	AGACATTTTGATGACCCAGACTCCACTCACTTTGTCGGTTACCATTGGACAACCAGCCTCCATCTCTTGCAAGTCAAGTCAGAGCCTCTTAGATAGTGATGGAGACACATATTTGAATTGGTTATTACAGAGGCCAGGCCAGTCTCCAAAGCGCCTACTCTATCTGGTGTCTAAACTGGACTCTGGAGTCCCTGACAGGTTCACTGGCAGTGGATCAGGGACAGATTTCACACTGAAAATCAGCAGAGTGGAGGCTGAGGATTTGGGACTTTATTATTGCTGGCAAGGTACACATTTTCCATTCACGTTCGGCTCGGGGACAAAGTTGGAAATAAAAC		K	2e-52	167.5	0	111	imgt	1	`DILMTQTPLTLSVTIGQPASISCKSSQSLLDSDGDTYLNWLLQRPGQSPKRLLYLVSKLDSGVPDRFTGSGSGTDFTLKISRVEAEDLGLYYCWQGTHFPFTFGSGTKLEI`K	1,2,3,4,5,6,7,8,9,10,11,12,13,14,15,16,17,18,19,20,21,22,23,24,25,26,27,28,29,30,31,32,33,34,35,36,37,38,39,40,41,42,43,44,45,46,47,48,49,50,51,52,53,54,55,56,57,58,59,60,61,62,63,64,65,66,67,68,69,70,71,72,73,74,75,76,77,78,79,80,81,82,83,84,85,86,87,88,89,90,91,92,93,94,95,96,97,98,99,100,101,102,103,104,105,106,107,108,109,110,111,112,113,114,115,116,117,118,119,120,121,122,123,124,125,126,127	D,I,L,M,T,Q,T,P,L,T,L,S,V,T,I,G,Q,P,A,S,I,S,C,K,S,S,Q,S,L,L,D,S,-,D,G,D,T,Y,L,N,W,L,L,Q,R,P,G,Q,S,P,K,R,L,L,Y,L,V,-,-,-,-,-,-,-,S,K,L,D,S,G,V,P,-,D,R,F,T,G,S,G,-,-,S,G,T,D,F,T,L,K,I,S,R,V,E,A,E,D,L,G,L,Y,Y,C,W,Q,G,T,H,-,-,-,-,F,P,F,T,F,G,S,G,T,K,L,E,I,K
Psanger_114550	Psanger	None	N93A/49.2R	LC	1	100	1	Sanger	ATGGAGTTTCAGACCCAGGTACTCATGTCCCTGCTGCTCTGCATGTCTGGTGCGGCCGCAGATATCCAGATGACACAGACTACATCCTCCCTGTCTGCCTCTCTGGGAGACAGAGTCACCATCAGTTGCAGGACAAGTCAGGACATTAGCAATTATTTAAGCTGGTATCAGCAGAAATCAGATGGAACTATTCAACTCCTGATCTACTACACATCAAAATTACACTCAGGAGTCCCATCAAGGTTCAGTGGCAGTGGGTCTGGAACAGATTATTCTCTCACCATTAGCAACCTGGAACAAGAAGATGTTGCCACTTACTTTTGCCAACAGGGTAATACGCTTCCGTACACGTTCGGAGGGGGGACCAAGCTGGAAATAAAACGGGCT		K	8.4e-53	168.7	20	126	imgt	0	MEFQTQVLMSLLLCMSGAAA`DIQMTQTTSSLSASLGDRVTISCRTSQDISNYLSWYQQKSDGTIQLLIYYTSKLHSGVPSRFSGSGSGTDYSLTISNLEQEDVATYFCQQGNTLPYTFGGGTKLEI`KRA	1,2,3,4,5,6,7,8,9,10,11,12,13,14,15,16,17,18,19,20,21,22,23,24,25,26,27,28,29,30,31,32,33,34,35,36,37,38,39,40,41,42,43,44,45,46,47,48,49,50,51,52,53,54,55,56,57,58,59,60,61,62,63,64,65,66,67,68,69,70,71,72,73,74,75,76,77,78,79,80,81,82,83,84,85,86,87,88,89,90,91,92,93,94,95,96,97,98,99,100,101,102,103,104,105,106,107,108,109,110,111,112,113,114,115,116,117,118,119,120,121,122,123,124,125,126,127	D,I,Q,M,T,Q,T,T,S,S,L,S,A,S,L,G,D,R,V,T,I,S,C,R,T,S,Q,D,I,-,-,-,-,-,-,S,N,Y,L,S,W,Y,Q,Q,K,S,D,G,T,I,Q,L,L,I,Y,Y,T,-,-,-,-,-,-,-,S,K,L,H,S,G,V,P,-,S,R,F,S,G,S,G,-,-,S,G,T,D,Y,S,L,T,I,S,N,L,E,Q,E,D,V,A,T,Y,F,C,Q,Q,G,N,T,-,-,-,-,L,P,Y,T,F,G,G,G,T,K,L,E,I,K
Psanger_114538	Psanger	None	N94/17R	LC	1	100	1	Sanger	AGATATTGTGATGACACAGTCTCCAGCCTCCCTATCTGCATCTGTGGGAGAAACTGTCACCATCACATGTCGAGCAAGTGAGAATATTTATAGTTATTTAGCATGGTATCAGCAGAAACAGGGAAAATCTCCTCAGCTCCTGGTCTATAATGCAAAAACCTTAGCAGAAACTGTGCCATCAAGGTTCAGTGGCAGTGGTTCAGGCACACAGTTTTCTCTGAAGATCAACAGCCTGCAGCCTGAAGATTTTGGGAGTTATCACTGTCAACATCATTATGGTACTCCATTCACGTTCGGCTCGGCGACAACGTTGGAAGTAAAAC		K	4.5e-49	156.7	0	106	imgt	1	`DIVMTQSPASLSASVGETVTITCRASENIYSYLAWYQQKQGKSPQLLVYNAKTLAETVPSRFSGSGSGTQFSLKINSLQPEDFGSYHCQHHYGTPFTFGSATTLEV`K	1,2,3,4,5,6,7,8,9,10,11,12,13,14,15,16,17,18,19,20,21,22,23,24,25,26,27,28,29,30,31,32,33,34,35,36,37,38,39,40,41,42,43,44,45,46,47,48,49,50,51,52,53,54,55,56,57,58,59,60,61,62,63,64,65,66,67,68,69,70,71,72,73,74,75,76,77,78,79,80,81,82,83,84,85,86,87,88,89,90,91,92,93,94,95,96,97,98,99,100,101,102,103,104,105,106,107,108,109,110,111,112,113,114,115,116,117,118,119,120,121,122,123,124,125,126,127	D,I,V,M,T,Q,S,P,A,S,L,S,A,S,V,G,E,T,V,T,I,T,C,R,A,S,E,N,I,-,-,-,-,-,-,Y,S,Y,L,A,W,Y,Q,Q,K,Q,G,K,S,P,Q,L,L,V,Y,N,A,-,-,-,-,-,-,-,K,T,L,A,E,T,V,P,-,S,R,F,S,G,S,G,-,-,S,G,T,Q,F,S,L,K,I,N,S,L,Q,P,E,D,F,G,S,Y,H,C,Q,H,H,Y,G,-,-,-,-,T,P,F,T,F,G,S,A,T,T,L,E,V,K
Psanger_114549	Psanger	None	N96/55.3R	LC	1	100	1	Sanger	ATGGAGTTTCAGACCCAGGTACTCATGTCCCTGCTGCTCTGCATGTCTGGTGCGGCCGCAGACATCCAGATGACCCAGTCTCCATCTTCCATGTATGCATCTCTAGGAGAGAGAGTCACCATCACTTGTAAGGCGAGTCAGGACATTGAAAGCTATTTAAGCTGGTTCCAGCAGAAACCAGGGAAATCTCCTAAGACCCTGATCTATCGTGCAAATAGATTGGCAGATGGGGGCCCATCAAGGTTCAGTGGCAGTGGATCTGGGCAAGATTTTTCTCTCACCATCAGCAGCCTGGACTATGAAGATATGGGAATTTATTATTGTCTACAGTACGATGAGTTTCCTCTCACGTTCGGTGCTGGGACCAAGCTGGAGCTGAAACGGGCT		K	7.9e-54	172.1	20	126	imgt	0	MEFQTQVLMSLLLCMSGAAA`DIQMTQSPSSMYASLGERVTITCKASQDIESYLSWFQQKPGKSPKTLIYRANRLADGGPSRFSGSGSGQDFSLTISSLDYEDMGIYYCLQYDEFPLTFGAGTKLEL`KRA	1,2,3,4,5,6,7,8,9,10,11,12,13,14,15,16,17,18,19,20,21,22,23,24,25,26,27,28,29,30,31,32,33,34,35,36,37,38,39,40,41,42,43,44,45,46,47,48,49,50,51,52,53,54,55,56,57,58,59,60,61,62,63,64,65,66,67,68,69,70,71,72,73,74,75,76,77,78,79,80,81,82,83,84,85,86,87,88,89,90,91,92,93,94,95,96,97,98,99,100,101,102,103,104,105,106,107,108,109,110,111,112,113,114,115,116,117,118,119,120,121,122,123,124,125,126,127	D,I,Q,M,T,Q,S,P,S,S,M,Y,A,S,L,G,E,R,V,T,I,T,C,K,A,S,Q,D,I,-,-,-,-,-,-,E,S,Y,L,S,W,F,Q,Q,K,P,G,K,S,P,K,T,L,I,Y,R,A,-,-,-,-,-,-,-,N,R,L,A,D,G,G,P,-,S,R,F,S,G,S,G,-,-,S,G,Q,D,F,S,L,T,I,S,S,L,D,Y,E,D,M,G,I,Y,Y,C,L,Q,Y,D,E,-,-,-,-,F,P,L,T,F,G,A,G,T,K,L,E,L,K
Psanger_114554	Psanger	None	N97A/31R	LC	1	100	1	Sanger	AGATATTGTGTTGACCCAAACTCCACTCTCCCTGCCTGTCAGTCTTGGAGATCAAGCCTCCATCTCTTGCAGATCTAGTCAGAACATTGTACATAGTAATGGAAACACCTATTTAGAATGGTACCTGCAGAAACCAGGCCAGTCTCCAAAGCTCCTGATCTACAAAGTTTCCAACCGATTTTCTGGGGTCCCAGACAGGTTCAGTGGCAGTGGATCAGGGACAGATTTCACACTCAAGATCAGCAGAGTGGAGGCTGAGGATCTGGGAGTTTATTTCTGCTTTCAAGGTTCTCTTCTTCCGTGGACGTTCGGTGGAGGCACCAAGCTGGAAATCAAAC		K	8.1e-58	185.0	0	111	imgt	1	`DIVLTQTPLSLPVSLGDQASISCRSSQNIVHSNGNTYLEWYLQKPGQSPKLLIYKVSNRFSGVPDRFSGSGSGTDFTLKISRVEAEDLGVYFCFQGSLLPWTFGGGTKLEI`K	1,2,3,4,5,6,7,8,9,10,11,12,13,14,15,16,17,18,19,20,21,22,23,24,25,26,27,28,29,30,31,32,33,34,35,36,37,38,39,40,41,42,43,44,45,46,47,48,49,50,51,52,53,54,55,56,57,58,59,60,61,62,63,64,65,66,67,68,69,70,71,72,73,74,75,76,77,78,79,80,81,82,83,84,85,86,87,88,89,90,91,92,93,94,95,96,97,98,99,100,101,102,103,104,105,106,107,108,109,110,111,112,113,114,115,116,117,118,119,120,121,122,123,124,125,126,127	D,I,V,L,T,Q,T,P,L,S,L,P,V,S,L,G,D,Q,A,S,I,S,C,R,S,S,Q,N,I,V,H,S,-,N,G,N,T,Y,L,E,W,Y,L,Q,K,P,G,Q,S,P,K,L,L,I,Y,K,V,-,-,-,-,-,-,-,S,N,R,F,S,G,V,P,-,D,R,F,S,G,S,G,-,-,S,G,T,D,F,T,L,K,I,S,R,V,E,A,E,D,L,G,V,Y,F,C,F,Q,G,S,L,-,-,-,-,L,P,W,T,F,G,G,G,T,K,L,E,I,K
Psanger_140081	Psanger	None	N98/7R	LC	1	100	1	Sanger	ATGGAGTTTCAGACCCAGGTACTCATGTCCCTGCTGCTCTGCATGTCTGGTGCGGCCGCAGAAACAACTGTGACCCAGTCTCCAGCCACCCTGTCTGTGACTCCAGGAGATAGCGTCAGTCTTTCCTGCAGGGCCAGCCAAAATATTAGCAACAACCTACACTGGTATCAACAAAAATCACATGAGTCTCCAAGGCTTCTCATCAAGTTTGCTTCCCAGTCCATCTCTGGGATCCCCTCCAGGTTCAGTGGCAGTGGATCAGGGACAGATTTCACTCTCAGTATCAACAGTGTGGAGACTGAAGATTTTGGAATGTATTTCTGTCAACAGAGTAACAGCTGGCCTCTCACGTTCGGTGCTGGGACCAAGCTGGACCTGAGACGGGCT		K	3.2e-48	153.8	20	126	imgt	0	MEFQTQVLMSLLLCMSGAAA`ETTVTQSPATLSVTPGDSVSLSCRASQNISNNLHWYQQKSHESPRLLIKFASQSISGIPSRFSGSGSGTDFTLSINSVETEDFGMYFCQQSNSWPLTFGAGTKLDL`RRA	1,2,3,4,5,6,7,8,9,10,11,12,13,14,15,16,17,18,19,20,21,22,23,24,25,26,27,28,29,30,31,32,33,34,35,36,37,38,39,40,41,42,43,44,45,46,47,48,49,50,51,52,53,54,55,56,57,58,59,60,61,62,63,64,65,66,67,68,69,70,71,72,73,74,75,76,77,78,79,80,81,82,83,84,85,86,87,88,89,90,91,92,93,94,95,96,97,98,99,100,101,102,103,104,105,106,107,108,109,110,111,112,113,114,115,116,117,118,119,120,121,122,123,124,125,126,127	E,T,T,V,T,Q,S,P,A,T,L,S,V,T,P,G,D,S,V,S,L,S,C,R,A,S,Q,N,I,-,-,-,-,-,-,S,N,N,L,H,W,Y,Q,Q,K,S,H,E,S,P,R,L,L,I,K,F,A,-,-,-,-,-,-,-,S,Q,S,I,S,G,I,P,-,S,R,F,S,G,S,G,-,-,S,G,T,D,F,T,L,S,I,N,S,V,E,T,E,D,F,G,M,Y,F,C,Q,Q,S,N,S,-,-,-,-,W,P,L,T,F,G,A,G,T,K,L,D,L,R
Psanger_Gs1	Psanger	None	L109/57	LC	1	100	1	Sanger	ATGGAGACAGACACACTCCTGTTATGGGTACTGCTGCTCTGGGTTCCAGGTTCCACTGGTGACATTGTGCTGACACAGTCTCCTGCTTCCTTACCTGTATCTCTGGGGCAGAGGGCCACCATCTCATGCAGGGCCAGCAAAAGTGTCAGTACATCTGGCTATAGTTATATGCACTGGTACCAACACAAACCAGGACAGCCACCCAAACTCCTCATCTATCTTGCATCCAACCTAGAATCTGGGGTCCCTGCCAGGTTCAGTGGCAGTGGGTCTGGGACAGACTTCACCCTCAACATCCATCCTGTGGAGGAGGAGGATGCTGCAACCTATTACTGTCAACACACTAGGGAGCTTCCGTGGACGTTCGGTGGAGGCACCAAGCTGGAAATCAAA		K	7.8e-56	178.5	20	130	imgt	0	METDTLLLWVLLLWVPGSTG`DIVLTQSPASLPVSLGQRATISCRASKSVSTSGYSYMHWYQHKPGQPPKLLIYLASNLESGVPARFSGSGSGTDFTLNIHPVEEEDAATYYCQHTRELPWTFGGGTKLEI`K	1,2,3,4,5,6,7,8,9,10,11,12,13,14,15,16,17,18,19,20,21,22,23,24,25,26,27,28,29,30,31,32,33,34,35,36,37,38,39,40,41,42,43,44,45,46,47,48,49,50,51,52,53,54,55,56,57,58,59,60,61,62,63,64,65,66,67,68,69,70,71,72,73,74,75,76,77,78,79,80,81,82,83,84,85,86,87,88,89,90,91,92,93,94,95,96,97,98,99,100,101,102,103,104,105,106,107,108,109,110,111,112,113,114,115,116,117,118,119,120,121,122,123,124,125,126,127	D,I,V,L,T,Q,S,P,A,S,L,P,V,S,L,G,Q,R,A,T,I,S,C,R,A,S,K,S,V,S,T,-,-,S,G,Y,S,Y,M,H,W,Y,Q,H,K,P,G,Q,P,P,K,L,L,I,Y,L,A,-,-,-,-,-,-,-,S,N,L,E,S,G,V,P,-,A,R,F,S,G,S,G,-,-,S,G,T,D,F,T,L,N,I,H,P,V,E,E,E,D,A,A,T,Y,Y,C,Q,H,T,R,E,-,-,-,-,L,P,W,T,F,G,G,G,T,K,L,E,I,K
Psanger_Gs10	Psanger	None	L114/81	LC	1	100	1	Sanger	ATGAGGGCTCCTGCACAGATTTTTGGCTTCTTGTTGCTCTGGTTTCCAGGTACCAGATGTGACATCCAGATGACCCAGTCTCCATCCTCCTTATCTGCCTCTCTGGGAGAAAGAGTCAGTCTCACTTGTCGGGCAAGTCAGGACATTGGTAGTAGCTTAAACTGGCTTCAGCAGGAACCAGATGGAACTATTAAACGCCTGATCTATGCCACATCCATTTTAGATTCTGGTGTCCCCAAAAGGTTCAGTGGCAGTAGGTCTGGGTCAGATTATTCTCTCACCATCAGCAGCCTTGAGTCTGAAGATTTTGTAGACTATTACTGTCTACAATATGCTAGTTCTCCGTGGACGTTCGGTGGAGGCACCAAGCTGGAAATCAAA		K	9.6e-49	155.7	20	126	imgt	0	MRAPAQIFGFLLLWFPGTRC`DIQMTQSPSSLSASLGERVSLTCRASQDIGSSLNWLQQEPDGTIKRLIYATSILDSGVPKRFSGSRSGSDYSLTISSLESEDFVDYYCLQYASSPWTFGGGTKLEI`K	1,2,3,4,5,6,7,8,9,10,11,12,13,14,15,16,17,18,19,20,21,22,23,24,25,26,27,28,29,30,31,32,33,34,35,36,37,38,39,40,41,42,43,44,45,46,47,48,49,50,51,52,53,54,55,56,57,58,59,60,61,62,63,64,65,66,67,68,69,70,71,72,73,74,75,76,77,78,79,80,81,82,83,84,85,86,87,88,89,90,91,92,93,94,95,96,97,98,99,100,101,102,103,104,105,106,107,108,109,110,111,112,113,114,115,116,117,118,119,120,121,122,123,124,125,126,127	D,I,Q,M,T,Q,S,P,S,S,L,S,A,S,L,G,E,R,V,S,L,T,C,R,A,S,Q,D,I,-,-,-,-,-,-,G,S,S,L,N,W,L,Q,Q,E,P,D,G,T,I,K,R,L,I,Y,A,T,-,-,-,-,-,-,-,S,I,L,D,S,G,V,P,-,K,R,F,S,G,S,R,-,-,S,G,S,D,Y,S,L,T,I,S,S,L,E,S,E,D,F,V,D,Y,Y,C,L,Q,Y,A,S,-,-,-,-,S,P,W,T,F,G,G,G,T,K,L,E,I,K
Psanger_Gs13	Psanger	None	L122/6	LC	1	100	1	Sanger	ATGGAATCACAGACCCAGGTCCTCATGTTTCTTCTGCTCTGGGTATCTGGTGCCTGTGCAGACATTGTGATGACACAGTCTCCATCCTCCCTGGCTATGTCAGTAGGACAGAAGGTCACTATGAGCTGCAAGTCCAGTCAGAGCCTTTTAAATAGTAGCAATCAAAAGAACTATTTGGCCTGGTACCAGCAGAAACCAGGACAGTCTCCTAAACTTCTGGTATACTTTGCATCCACTAGGGAATCTGGGGTCCCTGATCGCTTCATAGGCAGTGGATCTGGGACAGATTTCATTCTTACCATCAGCAGTGTGCAGGCTGAAGACCTGGCAGATTACTTCTGTCAGCAACATTATAGCACTCCGCTCACGTTCGGTGCTGGGACCAAGCTGGAGCTGAAA		K	4e-57	182.7	20	132	imgt	0	MESQTQVLMFLLLWVSGACA`DIVMTQSPSSLAMSVGQKVTMSCKSSQSLLNSSNQKNYLAWYQQKPGQSPKLLVYFASTRESGVPDRFIGSGSGTDFILTISSVQAEDLADYFCQQHYSTPLTFGAGTKLEL`K	1,2,3,4,5,6,7,8,9,10,11,12,13,14,15,16,17,18,19,20,21,22,23,24,25,26,27,28,29,30,31,32,33,34,35,36,37,38,39,40,41,42,43,44,45,46,47,48,49,50,51,52,53,54,55,56,57,58,59,60,61,62,63,64,65,66,67,68,69,70,71,72,73,74,75,76,77,78,79,80,81,82,83,84,85,86,87,88,89,90,91,92,93,94,95,96,97,98,99,100,101,102,103,104,105,106,107,108,109,110,111,112,113,114,115,116,117,118,119,120,121,122,123,124,125,126,127	D,I,V,M,T,Q,S,P,S,S,L,A,M,S,V,G,Q,K,V,T,M,S,C,K,S,S,Q,S,L,L,N,S,S,N,Q,K,N,Y,L,A,W,Y,Q,Q,K,P,G,Q,S,P,K,L,L,V,Y,F,A,-,-,-,-,-,-,-,S,T,R,E,S,G,V,P,-,D,R,F,I,G,S,G,-,-,S,G,T,D,F,I,L,T,I,S,S,V,Q,A,E,D,L,A,D,Y,F,C,Q,Q,H,Y,S,-,-,-,-,T,P,L,T,F,G,A,G,T,K,L,E,L,K
Psanger_Gs16	Psanger	None	N263/31	LC	1	100	1	Sanger	ATGGCTGTCCTGGCATTACTCTTCTGCCTGGTAACATTCCCAAGCTGTATCCTTTCCCAGGTACAGCTGAAGGAGTCAGGACCTGGCCTGGTGGCGCCCTCACAGAGCCTGTCCATCACATGCACCGTCTCAGGGTTCTCATTAACCGGCTATGGTTTAAACTGGGTTCGCCAGCCTCCAGGAAAGGGTCTGGAGTGGCTGGGAATGATATGGACTGATGGAAGCACAGACTATAATTCAGCTCTCAAATCCAGACTGAGCATCAGCAAGGACAACTCCAAGAGCCAGGTTTTCTTAAAGATGAACAGTCTTCAAACTGATGACACAGCCAGGTACTACTGTGCCAGAGATCGCTACGGCGGGTTTGCTTACTGGGGCCAAGGGACTCTGGTCACTGTCTCTGCA		H	6.5e-55	175.6	19	134	imgt	0	MAVLALLFCLVTFPSCILS`QVQLKESGPGLVAPSQSLSITCTVSGFSLTGYGLNWVRQPPGKGLEWLGMIWTDGSTDYNSALKSRLSISKDNSKSQVFLKMNSLQTDDTARYYCARDRYGGFAYWGQGTLVTVS`A	1,2,3,4,5,6,7,8,9,10,11,12,13,14,15,16,17,18,19,20,21,22,23,24,25,26,27,28,29,30,31,32,33,34,35,36,37,38,39,40,41,42,43,44,45,46,47,48,49,50,51,52,53,54,55,56,57,58,59,60,61,62,63,64,65,66,67,68,69,70,71,72,73,74,75,76,77,78,79,80,81,82,83,84,85,86,87,88,89,90,91,92,93,94,95,96,97,98,99,100,101,102,103,104,105,106,107,108,109,110,111,112,113,114,115,116,117,118,119,120,121,122,123,124,125,126,127,128	Q,V,Q,L,K,E,S,G,P,-,G,L,V,A,P,S,Q,S,L,S,I,T,C,T,V,S,G,F,S,L,-,-,-,-,T,G,Y,G,L,N,W,V,R,Q,P,P,G,K,G,L,E,W,L,G,M,I,W,T,D,-,-,-,G,S,T,D,Y,N,S,A,L,K,-,S,R,L,S,I,S,K,D,N,S,K,S,Q,V,F,L,K,M,N,S,L,Q,T,D,D,T,A,R,Y,Y,C,A,R,D,R,Y,-,-,-,G,G,F,A,Y,W,G,Q,G,T,L,V,T,V,S,A
Psanger_Gs19	Psanger	None	N486/32	LC	1	100	1	Sanger	ATGAAGTTGCCTGTTAGGCTGTTGGTGCTGATGTTCTGGATTCCTGCTTCCAGCAGTGATGTTGTGATGACCCAAACTCCACTCTCCCTGCCTGTCAGTCTTGGAGATCAAGCCTCCATCTCTTGCAGATCTAGTCAGAGCCTTGTACACAGTAATGGAAACACCTATTTACATTGGTACCTGCAGAAGCCAGGCCAGTCTCCAAAGCTCCTGATGTACAAAGTTTCCAACCGATTTTCTGGGGTCCCAGACAGGTTCAGTGGCAGTGGATCAGGGACAGATTTCACACTCAAGATCAGCAGAGTGGAGGCTGAGGATCTGGGAGTTTATTTCTGCTCTCAAAGTACACATGTTCCATTCACGTTCGGCTCGGGGACAAAGTTGGAAATAAAA		K	6e-57	182.1	19	130	imgt	0	MKLPVRLLVLMFWIPASSS`DVVMTQTPLSLPVSLGDQASISCRSSQSLVHSNGNTYLHWYLQKPGQSPKLLMYKVSNRFSGVPDRFSGSGSGTDFTLKISRVEAEDLGVYFCSQSTHVPFTFGSGTKLEI`K	1,2,3,4,5,6,7,8,9,10,11,12,13,14,15,16,17,18,19,20,21,22,23,24,25,26,27,28,29,30,31,32,33,34,35,36,37,38,39,40,41,42,43,44,45,46,47,48,49,50,51,52,53,54,55,56,57,58,59,60,61,62,63,64,65,66,67,68,69,70,71,72,73,74,75,76,77,78,79,80,81,82,83,84,85,86,87,88,89,90,91,92,93,94,95,96,97,98,99,100,101,102,103,104,105,106,107,108,109,110,111,112,113,114,115,116,117,118,119,120,121,122,123,124,125,126,127	D,V,V,M,T,Q,T,P,L,S,L,P,V,S,L,G,D,Q,A,S,I,S,C,R,S,S,Q,S,L,V,H,S,-,N,G,N,T,Y,L,H,W,Y,L,Q,K,P,G,Q,S,P,K,L,L,M,Y,K,V,-,-,-,-,-,-,-,S,N,R,F,S,G,V,P,-,D,R,F,S,G,S,G,-,-,S,G,T,D,F,T,L,K,I,S,R,V,E,A,E,D,L,G,V,Y,F,C,S,Q,S,T,H,-,-,-,-,V,P,F,T,F,G,S,G,T,K,L,E,I,K
Psanger_Gs4	Psanger	None	L111/118	LC	1	100	1	Sanger	ATGAAGTTGCCTGTTAGGCTGTTGGTGCTGATGTTCTGGATTCCTGCTTCCAGCAGTGATGTTGTGATGACCCAAACTCCACTCTCCCTGCCTGTCAGTCTTGGAGATCAAGCCTCCATCTCTTGCAGATCTAGTCAGAGCCTTGTACACAGTAATGGAGACACCTATTTACATTGGTACCTGCAGAAGCCAGGCCAGTCTCCAAAGCTCCTGATCTACAAAGTTTCCAACCGATTTTCTGGGGTCCCAGACAGGTTCAGTGGCAGTGGATCAGGGACAGATTTCACACTCAAGATCAGCAGAGTGGAGGCTGAGGATCTGGGAGTTTATTTCTGCTCTCAAAGTATATATGTTCCTTACACGTTCGGAGGGGGGACCAAGCTGGAAATAAAA		K	2.4e-57	183.3	19	130	imgt	0	MKLPVRLLVLMFWIPASSS`DVVMTQTPLSLPVSLGDQASISCRSSQSLVHSNGDTYLHWYLQKPGQSPKLLIYKVSNRFSGVPDRFSGSGSGTDFTLKISRVEAEDLGVYFCSQSIYVPYTFGGGTKLEI`K	1,2,3,4,5,6,7,8,9,10,11,12,13,14,15,16,17,18,19,20,21,22,23,24,25,26,27,28,29,30,31,32,33,34,35,36,37,38,39,40,41,42,43,44,45,46,47,48,49,50,51,52,53,54,55,56,57,58,59,60,61,62,63,64,65,66,67,68,69,70,71,72,73,74,75,76,77,78,79,80,81,82,83,84,85,86,87,88,89,90,91,92,93,94,95,96,97,98,99,100,101,102,103,104,105,106,107,108,109,110,111,112,113,114,115,116,117,118,119,120,121,122,123,124,125,126,127	D,V,V,M,T,Q,T,P,L,S,L,P,V,S,L,G,D,Q,A,S,I,S,C,R,S,S,Q,S,L,V,H,S,-,N,G,D,T,Y,L,H,W,Y,L,Q,K,P,G,Q,S,P,K,L,L,I,Y,K,V,-,-,-,-,-,-,-,S,N,R,F,S,G,V,P,-,D,R,F,S,G,S,G,-,-,S,G,T,D,F,T,L,K,I,S,R,V,E,A,E,D,L,G,V,Y,F,C,S,Q,S,I,Y,-,-,-,-,V,P,Y,T,F,G,G,G,T,K,L,E,I,K
Psanger_Gs7	Psanger	None	L114/3	LC	1	100	1	Sanger	ATGTCCTCTGCTCAGTTCCTTGGTCTCCTGTTGCTCTGTTTTCAAGGTACCAGATGTAATATCCAGATGACACAGACTACATCCTCCCTGTCTGCCTCTCTGGGAGACAGAGTCACCATCAGTTGCAGTGCAAGTCAGGACATTAGCAATTATTTAAACTGGTATCAGCAGAAACCAGATGGAACTGTTAAACTCCTGATCTATTACACGTCAAGTTTACACTCAGGAGTCCCATCAAGATTCAGTGGCAGTGGGTCTGGGACAGATTATTCTCTCACCATCAGCAACCTGGAACCTGAAGATATTGCCACTTACTATTGTCAGCAGCATAGTCAGTTTCCGTGGACGTTCGGTGGAGGCACCAAGCTGGAAATCAAA		K	1.6e-54	174.3	19	125	imgt	0	MSSAQFLGLLLLCFQGTRC`NIQMTQTTSSLSASLGDRVTISCSASQDISNYLNWYQQKPDGTVKLLIYYTSSLHSGVPSRFSGSGSGTDYSLTISNLEPEDIATYYCQQHSQFPWTFGGGTKLEI`K	1,2,3,4,5,6,7,8,9,10,11,12,13,14,15,16,17,18,19,20,21,22,23,24,25,26,27,28,29,30,31,32,33,34,35,36,37,38,39,40,41,42,43,44,45,46,47,48,49,50,51,52,53,54,55,56,57,58,59,60,61,62,63,64,65,66,67,68,69,70,71,72,73,74,75,76,77,78,79,80,81,82,83,84,85,86,87,88,89,90,91,92,93,94,95,96,97,98,99,100,101,102,103,104,105,106,107,108,109,110,111,112,113,114,115,116,117,118,119,120,121,122,123,124,125,126,127	N,I,Q,M,T,Q,T,T,S,S,L,S,A,S,L,G,D,R,V,T,I,S,C,S,A,S,Q,D,I,-,-,-,-,-,-,S,N,Y,L,N,W,Y,Q,Q,K,P,D,G,T,V,K,L,L,I,Y,Y,T,-,-,-,-,-,-,-,S,S,L,H,S,G,V,P,-,S,R,F,S,G,S,G,-,-,S,G,T,D,Y,S,L,T,I,S,N,L,E,P,E,D,I,A,T,Y,Y,C,Q,Q,H,S,Q,-,-,-,-,F,P,W,T,F,G,G,G,T,K,L,E,I,K
